0.0013960037346733038
0.002792007547112163
0.0013960037346733038
0.002792007547112163
0.004188011405492503
0.005584015350036015
0.006980019093484524
0.008376022951864863
0.009772026896408376
0.011168030639856885
0.012564034498237224
0.013960038442780737
0.015356042186229244
0.016752046044609583
0.018148049989153096
0.019544053732601603
0.020940057590981942
0.02233653306390795
0.023733008328863495
0.02512948367911753
0.02652595895174296
0.02792243422436839
0.02931890949699382
0.030715384769619252
0.03211186004224468
0.03350833531487011
0.03490481058749554
0.03630128586012097
0.0376977611327464
0.03909423640537183
0.04049071167799726
0.04188718695062269
0.04328484718090624
0.044682507394914965
0.046080167576788796
0.04747782776040543
0.04887548802366953
0.05027314828600946
0.0516708084696261
0.0530684687328902
0.05446612899523013
0.05586378917884677
0.05726144944211087
0.0586591097044508
0.060056769888067435
0.061454430151331535
0.06285209041367146
0.06425018823126877
0.06564828584367965
0.06704638353781792
0.06844448117322106
0.06984257880862421
0.07124067644402736
0.07263877407943051
0.07403687171483365
0.0754349693502368
0.07683306698563995
0.0782311646210431
0.07962926225644625
0.0810273598918494
0.08242545752725254
0.08382355516265569
0.08522330808111621
0.08662306125197734
0.08802281433835055
0.08942256747802357
0.0908223206176966
0.09222207375736963
0.09362182689704265
0.09502158003671568
0.09642133317638871
0.09782108631606173
0.09922083945573476
0.10062059259540779
0.10202034573508081
0.10342009887475384
0.10481985201442687
0.10621941147109125
0.10761897090500855
0.10901853036556576
0.11041808992858393
0.1118176494916021
0.11321720905462027
0.11461676861763843
0.1160163281806566
0.11741588774367477
0.11881544730669294
0.12021500686971111
0.12161456643272928
0.12301412599574744
0.12441368555876561
0.12581324512178377
0.12721160883041574
0.1286099727724321
0.13000833663645342
0.13140670063878915
0.13280506464112488
0.1342034286434606
0.13560179264579633
0.13700015664813206
0.1383985206504678
0.13979688465280352
0.14119524865513924
0.14259361265747497
0.1439919766598107
0.14539034066214643
0.14678870466448216
0.14818818329209896
0.14958766207532484
0.15098714074311345
0.1523866196692067
0.15378609859529993
0.15518557752139317
0.1565850564474864
0.15798453537357965
0.1593840142996729
0.16078349322576613
0.16218297215185937
0.1635824510779526
0.16498193000404585
0.16638140893013909
0.16778088785623232
0.1691791609581072
0.17057743416840276
0.17197570714479812
0.17337398030193593
0.17477225345907374
0.17617052661621155
0.17756879977334936
0.17896707293048716
0.18036534608762497
0.18176361924476278
0.1831618924019006
0.1845601655590384
0.1859584387161762
0.187356711873314
0.18875498503045182
0.19015403354214064
0.19155308190600542
0.1929521302912748
0.1943511786765442
0.19575022706181358
0.19714927544708297
0.19854832383235235
0.19994737221762174
0.20134642060289112
0.2027454689881605
0.2041445173734299
0.20554356575869928
0.20694261414396867
0.20834166252923805
0.20974071091450744
0.21113845267000209
0.21253619468268722
0.21393393644604203
0.21533167834572994
0.21672942024541786
0.21812716214510577
0.2195249040447937
0.2209226459444816
0.22232038784416952
0.22371812974385744
0.22511587164354535
0.22651361354323327
0.22791135544292118
0.2293090973426091
0.230706839242297
0.23210616120149413
0.233505483017521
0.23490480474429376
0.2363041264293817
0.23770344811446964
0.23910276979955758
0.24050209148464552
0.24190141316973346
0.2433007348548214
0.24470005653990934
0.24609937822499728
0.24749869991008522
0.24889802159517316
0.2502973432802611
0.25169666496534904
0.2530946405675015
0.25449261629741254
0.25589059183142904
0.25728856758069524
0.25868654332996144
0.26008451907922764
0.26148249482849384
0.26288047057776004
0.26427844632702624
0.26567642207629244
0.26707439782555864
0.26847237357482484
0.26987034932409104
0.27126832507335724
0.27266630082262344
0.2740658246687154
0.275465348594221
0.2768648725358309
0.2782643963979552
0.27966392026007947
0.28106344412220374
0.282462967984328
0.2838624918464523
0.28526201570857657
0.28666153957070084
0.2880610634328251
0.2894605872949494
0.29086011115707366
0.29225963501919794
0.2936591588813222
0.295059956546253
0.29646075460904475
0.29786155242825574
0.299262350432161
0.30066314843606623
0.3020639464399715
0.3034647444438767
0.30486554244778197
0.3062663404516872
0.30766713845559246
0.3090679364594977
0.31046873446340295
0.3118695324673082
0.31327033047121344
0.3146711284751187
0.316070986165243
0.3174708438971255
0.3188707018416044
0.32027055978608326
0.32167041773056215
0.32307027567504104
0.32447013361951993
0.3258699915639988
0.3272698495084777
0.3286697074529566
0.3300695653974355
0.33146942334191437
0.33286928128639326
0.33426913923087215
0.33566899717535104
0.3370699568229775
0.3384709162059055
0.3398718756226791
0.34127283491387944
0.34267379420507976
0.3440747534962801
0.3454757127874804
0.3468766720786807
0.34827763136988105
0.34967859066108137
0.3510795499522817
0.352480509243482
0.35388146853468233
0.35528242782588265
0.356683387117083
0.3580841190465244
0.3594848508118248
0.3608855825439269
0.3622863144231691
0.36368704630241133
0.36508777818165355
0.3664885100608958
0.367889241940138
0.3692899738193802
0.37069070569862245
0.37209143757786467
0.3734921694571069
0.3748929013363491
0.37629363321559134
0.37769436509483356
0.379095398729366
0.3804964326838996
0.3818974665920623
0.3832985002824552
0.3846995339728481
0.386100567663241
0.38750160135363393
0.38890263504402683
0.39030366873441974
0.39170470242481265
0.39310573611520555
0.39450676980559846
0.39590780349599136
0.39730883718638427
0.3987098708767772
0.40011024855703026
0.4015106265619895
0.40291100431213195
0.4043113820622744
0.40571175981241686
0.4071121375625593
0.4085125153127018
0.40991289306284423
0.4113132708129867
0.41271364856312914
0.4141140263132716
0.41551440406341406
0.4169147818135565
0.41831515956369897
0.4197155373138414
0.4211168056361255
0.4225180736083124
0.42391934172852314
0.4253206098487339
0.4267218779689446
0.42812314608915536
0.4295244142093661
0.43092568232957684
0.4323269504497876
0.4337282185699983
0.43512948669020907
0.4365307548104198
0.43793202293063055
0.4393332910508413
0.44073455917105203
0.4421362745125631
0.44353798969437647
0.4449397050893634
0.4463414204843504
0.44774313587933734
0.4491448512743243
0.45054656666931125
0.4519482820642982
0.45334999745928517
0.4547517128542721
0.4561534282492591
0.45755514364424604
0.458956859039233
0.46035857443421996
0.4617602898292069
0.46316144626443434
0.46456260273026856
0.46596375929953415
0.46736491571112426
0.4687660721227144
0.4701672285343045
0.4715683849458946
0.4729695413574847
0.4743706977690748
0.4757718541806649
0.47717301059225503
0.47857416700384514
0.47997532341543525
0.48137647982702536
0.48277763623861547
0.4841771410434927
0.48557664610035495
0.48697615120786847
0.48837565620883006
0.48977516120979164
0.49117466621075323
0.4925741712117148
0.4939736762126764
0.495373181213638
0.4967726862145996
0.49817219121556117
0.49957169621652275
0.5009712012174844
0.502370706218446
0.5037702112194077
0.5051711024028823
0.5065719939049413
0.5079728852106975
0.5093737766512794
0.5107746680918612
0.5121755595324431
0.513576450973025
0.5149773424136068
0.5163782338541887
0.5177791252947705
0.5191800167353524
0.5205809081759343
0.5219817996165161
0.523382691057098
0.5247835824976799
0.5261865538472505
0.5275895252425481
0.5289924966378459
0.5303954679016288
0.5317984391654118
0.5332014104291948
0.5346043816929777
0.5360073529567607
0.5374103242205437
0.5388132954843267
0.5402162667481096
0.5416192380118926
0.5430222092756756
0.5444251805394585
0.5458281518032415
0.5472361396257456
0.5486441275251024
0.5500521152592827
0.5514601029868151
0.5528680907143476
0.5542760784418801
0.5556840661694126
0.557092053896945
0.5585000416244775
0.55990802935201
0.5613160170795425
0.562724004807075
0.5641319925346074
0.5655399802621399
0.5669479679896724
0.5683543641922872
0.5697607602878856
0.5711671564893621
0.5725735526908386
0.5739799488923152
0.5753863450937917
0.5767927412952683
0.5781991374967448
0.5796055336982213
0.5810119298996979
0.5824183261011744
0.5838247223026509
0.5852311185041275
0.586637514705604
0.5880439109070805
0.5894496781035692
0.5908554455022643
0.5922612125348165
0.5936669795673686
0.5950727465999207
0.5964785136324728
0.597884280665025
0.5992900476975771
0.6006958147301292
0.6021015817626814
0.6035073487952335
0.6049131158277856
0.6063188828603377
0.6077246498928899
0.609130416925442
0.6105378259271208
0.6119452351204928
0.6133526442329192
0.6147600533453457
0.6161674624577721
0.6175748715701985
0.618982280682625
0.6203896897950514
0.6217970989074778
0.6232045080199042
0.6246119171323307
0.6260193262447571
0.6274267353571835
0.62883414446961
0.6302415535820364
0.6316489265791573
0.633056299607739
0.6344636726869797
0.6358710457662203
0.637278418845461
0.6386857919247017
0.6400931650039423
0.641500538083183
0.6429079111624236
0.6443152842416643
0.645722657320905
0.6471300304001456
0.6485374034793863
0.6499447765586269
0.6513521496378676
0.6527589594698874
0.6541657693633631
0.6555725790060014
0.6569793886486397
0.658386198291278
0.6597930079339163
0.6611998175765545
0.6626066272191928
0.6640134368618311
0.6654202465044694
0.6668270561471077
0.668233865789746
0.6696406754323843
0.6710474850750225
0.6724542947176608
0.6738614271590032
0.6752685595711597
0.6766756918505975
0.6780828241445721
0.6794899564385467
0.6808970887325213
0.6823042210264959
0.6837113533204705
0.6851184856144451
0.6865256179084197
0.6879327502023943
0.6893398824963689
0.6907470147903435
0.6921541470843181
0.6935612793782927
0.6949690506690286
0.6963768219906563
0.6977845935246412
0.6991923649485705
0.7006001363724998
0.7020079077964292
0.7034156792203585
0.7048234506442879
0.7062312220682172
0.7076389934921465
0.7090467649160759
0.7104545363400052
0.7118623077639346
0.7132700791878639
0.7146778506117932
0.7160847558168214
0.7174916610552188
0.7188985664114688
0.7203054718455466
0.7217123772023825
0.7231192825586324
0.7245261879927103
0.7259330933495461
0.7273399987057961
0.728746904139874
0.7301538094967098
0.7315607148529598
0.7329676202870377
0.7343745256438735
0.7357814310001235
0.7371881217071351
0.7385948124789787
0.7400015031720983
0.7414081938402908
0.7428148845084832
0.7442215751766756
0.7456282658448681
0.7470349565130605
0.748441647181253
0.7498483378494454
0.7512550285176378
0.7526617191858302
0.7540684098540227
0.7554751005222151
0.7568817911904075
0.758288613112668
0.7596954349960181
0.7611022569734387
0.7625090789508593
0.7639159009282799
0.7653227229057005
0.7667295448831211
0.7681363668605417
0.7695431888379622
0.7709500108153828
0.7723568327928034
0.773763654770224
0.7751704767476446
0.7765772987250652
0.7779841207024858
0.7793924863427042
0.7808008518985722
0.7822092174998185
0.7836175829143467
0.7850259483288748
0.786434313743403
0.7878426791579312
0.7892510445724593
0.7906594099869875
0.7920677754015156
0.7934761408160438
0.7948845062305719
0.7962928716451001
0.7977012370596283
0.7991096024741564
0.8005181830581093
0.801926763340974
0.8033353437488234
0.80474392421955
0.8061525046902766
0.8075610851610031
0.8089696656317297
0.8103782461024562
0.8117868265731828
0.8131954070439094
0.8146039875146359
0.8160125679853625
0.817421148456089
0.8188297289268156
0.8202383093975422
0.8216438383429078
0.8230493671266774
0.8244548960257417
0.825860425034018
0.8272659540422943
0.8286714830505706
0.8300770120588469
0.8314825410671232
0.8328880700753994
0.8342935990836757
0.835699128091952
0.8371046571002283
0.8385101861085046
0.8399157151167809
0.8413212441250572
0.8427288003403842
0.8441363565530545
0.8455439127877935
0.8469514690225325
0.8483590252572715
0.8497665814920105
0.8511741377267494
0.8525816939614884
0.8539892501962274
0.8553968064309664
0.8568043626657054
0.8582119189004443
0.8596194751351833
0.8610270313699223
0.8624345876046613
0.8638414414898532
0.8652482954334577
0.8666551493719417
0.8680620033104256
0.8694688572489095
0.8708757111873935
0.8722825651258774
0.8736894190643614
0.8750962730028453
0.8765031269413293
0.8779099808798132
0.8793168348182971
0.8807236887567811
0.882130542695265
0.883537396633749
0.8849435414750421
0.8863496864126335
0.8877558310810448
0.8891619757494562
0.8905681204178676
0.891974265086279
0.8933804097546904
0.8947865544231017
0.8961926990915131
0.8975988437599245
0.8990049884283359
0.9004111330967473
0.9018172777651586
0.90322342243357
0.9046295671019814
0.9060350222449468
0.9074404773914196
0.9088459325191344
0.9102513873553346
0.9116568424457713
0.9130622975362079
0.9144677526266446
0.9158732077170813
0.9172786628075179
0.9186841178979546
0.9200895729883912
0.9214950280788279
0.9229004831692645
0.9243059382597012
1.037634670417611
1.1511454576155364
1.264656244938738
1.3781670323213497
1.4916778197039615
1.6051886070865733
1.718699394469185
1.8322101818517968
1.9457209692344086
2.0592317566170206
2.1727425439996324
2.286253331382244
2.399764118764856
2.5132749061474677
2.6267856935300795
2.7402964809126913
2.8536255372680275
2.9669545937649873
3.0802836501911988
3.1936127066174103
3.3069417630436218
3.4202708194698332
3.5335998758960447
3.6469289323222562
3.7602579887484677
3.873587045174679
3.9869161016008907
4.100245158027103
4.213574214453314
4.326903270879526
4.440232327305737
4.553580185014178
4.666928042529175
4.780275900114163
4.893623757722225
5.006971615330287
5.120319472938349
5.233667330546411
5.347015188154473
5.460363045762535
5.573710903370597
5.687058760978659
5.800406618586721
5.913754476194783
6.027102333802845
6.140450191410907
6.253798235008621
6.3671462785737125
6.480494322230714
6.593842365754339
6.707190409411341
6.820538452934966
6.933886496591968
7.047234540115593
7.1605825837725945
7.273930627296219
7.387278670953221
7.500626714476846
7.613974758133848
7.727322801657473
7.840670845314475
7.953936312927437
8.067201780830864
8.180467248658871
8.293732716486879
8.406998184314887
8.520263652142894
8.633529119970902
8.74679458779891
8.860060055626917
8.973325523454925
9.086590991282932
9.19985645911094
9.313121926938948
9.426387394766955
9.539652862594963
9.6530829524038
9.766513042364956
9.879943132173722
9.993373222079418
10.106803311888184
10.22023340179388
10.333663491602646
10.447093581508343
10.560523671317108
10.673953761222805
10.78738385103157
10.900813940937267
11.014244030746033
11.12767412065173
11.241104210460495
11.354607186317383
11.4681101620777
11.581613138065302
11.695116114052905
11.808619090040507
11.922122066028109
12.035625042015711
12.149128018003314
12.262630993990916
12.376133969978518
12.48963694596612
12.603139921953723
12.716642897941325
12.830145873928927
12.94364884991653
13.057081775127678
13.170514700329548
13.283947625530466
13.397380550844208
13.510813476124449
13.624246401197032
13.737679326510774
13.851112251791015
13.964545176863599
14.07797810217734
14.191411027457582
14.304843952530165
14.418276877843907
14.531709803124148
14.645142728196731
14.75853596028441
14.871929192441588
14.985322424547899
15.09871565665421
15.212108888760522
15.325502120866833
15.438895352973145
15.552288585079456
15.665681817185767
15.779075049292079
15.89246828139839
16.0058615135047
16.119254745611013
16.232647977717324
16.346041209823635
16.459433645305126
16.572826080757
16.6862185160819
16.79961095152682
16.91300338675752
17.02639582208242
17.13978825752734
17.25318069275804
17.36657312808294
17.47996556352786
17.59335799875856
17.70675043408346
17.82014286952838
17.93353530475908
18.04692774008398
18.160358350382545
18.273788960554732
18.387219570817024
18.500650181079315
18.614080791341607
18.7275114016039
18.84094201186619
18.95437262212848
19.067803232390773
19.181233842653064
19.294664452915356
19.408095063177647
19.52152567343994
19.63495628370223
19.748386893964522
19.86167060042124
19.974954306997713
20.088238013543847
20.20152171990273
20.314805426448864
20.428089132807745
20.54137283935388
20.65465654571276
20.767940252258896
20.881223958617777
20.994507665163912
21.107791371522794
21.221075078068928
21.33435878442781
21.447642490973944
21.560971749150106
21.674301007171916
21.787630265259555
21.900959523205945
22.014288781152334
22.127618039098724
22.240947297045114
22.354276554991504
22.467605812937894
22.580935070884284
22.694264328830673
22.807593586777063
22.920922844723453
23.034252102669843
23.147581360616233
23.26084582974411
23.374110298854593
23.487374767946342
23.60063923703809
23.71390370612984
23.82716817522159
23.94043264431334
24.05369711340509
24.16696158249684
24.28022605158859
24.393490520680338
24.506754989772087
24.620019458863837
24.733283927955586
24.846548397047336
24.959878007440047
25.07320761802972
25.186537228505195
25.29986683898067
25.413196449456144
25.52652605993162
25.639855670407094
25.75318528088257
25.866514891358044
25.97984450183352
26.093174112308994
26.20650372278447
26.319833333259943
26.433162943735418
26.546492554210893
26.659995638922048
26.77349872360654
26.88700180834721
27.000504893087882
27.114007977828553
27.227511062569224
27.341014147309895
27.454517232050566
27.568020316791237
27.68152340153191
27.79502648627258
27.90852957101325
28.02203265575392
28.135535740494593
28.249038825235264
28.362432145327585
28.475825465327034
28.589218785501174
28.702612105675314
28.816005425849454
28.929398746023594
29.042792066197734
29.156185386371874
29.269578706546014
29.382972026720154
29.496365346894294
29.609758667068434
29.723151987242574
29.836545307416714
29.949938627590853
30.06333172864034
30.176724829737562
30.29011793066744
30.403511031650385
30.516904132633332
30.63029723361628
30.743690334599226
30.857083435582172
30.97047653656512
31.083869637548066
31.197262738531013
31.31065583951396
31.424048940496906
31.537442041479853
31.6508351424628
31.7640996889571
31.877364235692053
31.990628782291544
32.10389332889104
32.217157875490535
32.33042242209003
32.443686968689526
32.55695151528902
32.67021606188852
32.78348060848801
32.89674515508751
33.010009701687004
33.1232742482865
33.236538794885995
33.34980334148549
33.463132065535255
33.57646078969523
33.68978951385521
33.80311823801519
33.916446962175165
34.02977568633514
34.14310441049512
34.2564331346551
34.369761858815075
34.48309058297505
34.59641930713503
34.70974803129501
34.823076755454984
34.93640547961496
35.04973420377494
35.1632465674435
35.27675893131182
35.390271295143954
35.503783659237016
35.61729602306915
35.73080838716221
35.84432075099435
35.95783311508741
36.07134547891955
36.18485784301261
36.298370206844744
36.411882570937806
36.52539493476994
36.638907298863
36.75241966269514
36.86576839215324
36.97911712153619
37.092465850814214
37.2058145801806
37.319163309458624
37.43251203882501
37.54586076810303
37.65920949746942
37.77255822674744
37.88590695611383
37.99925568539185
38.11260441475824
38.22595314403626
38.33930187340265
38.45265060268067
38.45405438014025
38.45545815759716
38.456861935053375
38.45826571255165
38.459669490049926
38.4610732675482
38.46247704504648
38.46388082254475
38.46528460004303
38.4666883775413
38.46809215503958
38.46949593253785
38.47089971003613
38.472303487534404
38.47370726503268
38.475111381520925
38.47651549802936
38.47791961438285
38.47932373078025
38.480727847177654
38.48213196357506
38.48353607997246
38.48494019636986
38.486344312767265
38.48774842916467
38.48915254556207
38.490556661959474
38.49196077835688
38.49336489475428
38.49476901115168
38.49617205653381
38.497575101982896
38.49897814723442
38.50038119248594
38.50178423773746
38.50318728298898
38.5045903282405
38.505993373492025
38.50739641874355
38.50879946399507
38.51020250924659
38.51160555449811
38.51300859974963
38.514411645001154
38.515814690252675
38.517217172895656
38.518619655677
38.52002213828956
38.521424620902124
38.522827103514686
38.52422958612725
38.52563206873981
38.52703455135237
38.528437033964934
38.529839516577496
38.53124199919006
38.53264448180262
38.53404696441518
38.535449447027744
38.536847692969815
38.5382462336477
38.53964477423345
38.54104331482084
38.54244185557488
38.54384039632892
38.54523893708296
38.546637477836995
38.548036018591034
38.54943455934507
38.55083310009911
38.55223164085315
38.55363018160719
38.55502872236123
38.55642726311527
38.55782580386931
38.559223854961154
38.5606219059173
38.56201995698206
38.563418008103916
38.56481605922577
38.56621411034762
38.56761216146948
38.56901021259133
38.57040826371318
38.57180631483504
38.57320436595689
38.574602417078744
38.5760004682006
38.57739851932245
38.578796570444304
38.58019559176549
38.58159461293954
38.58299363418411
38.584392655402624
38.585791676621135
38.587190697839645
38.588589719058156
38.58998874027667
38.59138776149518
38.59278678271369
38.5941858039322
38.59558482515071
38.59698384636922
38.59838286758773
38.59978188880624
38.601176407528925
38.602570926094714
38.60396544462721
38.6053599633289
38.60675448208672
38.60814900079629
38.60954351949798
38.6109380382558
38.61233255696537
38.613727075667065
38.615121594424885
38.61651611313445
38.617910631836146
38.619305150593966
38.620699669303534
38.62209514778958
38.62349062610879
38.624886104444556
38.62628158270818
38.627677060971806
38.62907253923543
38.630468017499055
38.63186349576268
38.633258974026305
38.63465445228993
38.636049930553554
38.63744540881718
38.638840887080804
38.64023636534443
38.64163184360805
38.64302323522241
38.64441462682812
38.645806018253374
38.647197409678625
38.64858880110388
38.64998019252913
38.65137158395438
38.65276297537963
38.65415436680488
38.65554575823013
38.656937149655384
38.658328541080635
38.65971993250589
38.66111132393114
38.66250271535639
38.66389605479654
38.6652893944668
38.666682733922904
38.66807607337901
38.66946941283512
38.67086275229123
38.672256091747336
38.673649431203444
38.67504277065955
38.67643611011566
38.67782944957177
38.679222789027875
38.68061612848398
38.68200946794009
38.6834028073962
38.68479610427144
38.68618940124838
38.68758269794565
38.68897599495287
38.69036929196009
38.69176258896731
38.69315588597453
38.694549182981746
38.695942479988965
38.697335776996184
38.6987290740034
38.70012237101062
38.70151566801784
38.70290896502506
38.70430226203228
38.7056928991568
38.707083536366625
38.70847417320209
38.70986481003756
38.711255446873025
38.71264608370849
38.71403672054396
38.715427357379426
38.71681799421489
38.71820863105036
38.719599267885826
38.72098990472129
38.72238054155676
38.72377117839223
38.72516181522769
38.726552711177284
38.72794360680452
38.72933450265465
38.73072539850478
38.73211629435491
38.73350719020504
38.73489808605517
38.7362889819053
38.737679877755426
38.739070773605555
38.740461669455684
38.74185256530581
38.74324346115594
38.74463435700607
38.7460252528562
38.747416296838736
38.74880734103192
38.750198385205856
38.75158942937979
38.75298047355373
38.75437151772766
38.7557625619016
38.75715360607553
38.75854465024947
38.759935694423405
38.76132673859734
38.762717782771276
38.76410882694521
38.76549987111915
38.76689091529308
38.7682826443883
38.76967437307918
38.77106610186334
38.772457830763145
38.77384955982584
38.77524128875582
38.776633017640876
38.77802474640917
38.779416475323735
38.78080820438643
38.78219993331641
38.78359166220147
38.784983390969764
38.786375119884326
38.78776684894702
38.78915883027475
38.79055081163125
38.791942792893806
38.79333477419415
38.794726755494494
38.79611873679484
38.79751071809518
38.798902699395526
38.80029468069587
38.801686661996214
38.80307864329656
38.8044706245969
38.80586260589725
38.80725458719759
38.808646568497934
38.81003832690138
38.811430085077546
38.81282184340732
38.8142136018454
38.815605360257216
38.81699711858699
38.81838887702507
38.819780635436885
38.82117239376666
38.82256415220474
38.823955910616554
38.82534766894633
38.82673942738441
38.828131185796224
38.829522944126
38.83091436586019
38.832305787568025
38.8336972091444
38.83508863098047
38.83648005281655
38.83787147465262
38.8392628964887
38.84065431832477
38.84204574016085
38.843437161996924
38.844828583833
38.846220005669075
38.84761142750515
38.849002849341225
38.8503942711773
38.8517887777924
38.85318328408703
38.854577790539956
38.85597229699288
38.85736680344581
38.85876130989873
38.86015581635166
38.86155032280458
38.86294482925751
38.86433933571043
38.86573384216336
38.86712834861628
38.86852285506921
38.869917361522134
38.87131186797506
38.87270376156359
38.874095654924396
38.8754875484651
38.87687944200581
38.878271335546515
38.87966322908722
38.88105512262793
38.88244701616863
38.88383890970934
38.885230803250046
38.88662269679075
38.88801459033146
38.889406483872165
38.89079837741287
38.89219027095358
38.893580925862985
38.89497158080576
38.896362235759305
38.89775289068301
38.89914354560671
38.900534200530416
38.90192485545412
38.90331551037782
38.904706165301526
38.90609682022523
38.90748747514893
38.90887813007264
38.91026878499634
38.911659439920044
38.91305009484375
38.914444462353345
38.91583883000339
38.917233197650106
38.91862756529682
38.92002193294354
38.92141630059026
38.92281066823698
38.924205035883695
38.92559940353041
38.92699377117713
38.92838813882385
38.929782506470566
38.931176874117284
38.932571241764
38.93396560941072
38.935357696859846
38.936749784157385
38.93814187145247
38.93953395870977
38.94092604596706
38.942318133224354
38.94371022048165
38.94510230773894
38.946494394996236
38.94788648225353
38.949278569510824
38.95067065676812
38.95206274402541
38.953454831282706
38.95484691854
38.95624057484546
38.95763423099094
38.95902788737257
38.9604215437542
38.96181520013583
38.96320885651746
38.96460251289909
38.96599616928072
38.96738982566235
38.96878348204398
38.97017713842561
38.97157079480724
38.97296445118887
38.9743581075705
38.97575176395213
38.97714367444513
38.978535584794194
38.97992749539891
38.98131940600363
38.982711316608345
38.98410322721306
38.98549513781778
38.986887048422496
38.98827895902721
38.98967086963193
38.991062780236646
38.99245469084136
38.99384660144608
38.9952385120508
38.996630422655514
38.998021943640886
38.99941346461209
39.00080498579412
39.00219650697615
39.00358802815818
39.004979549340206
39.006371070522235
39.007762591704264
39.00915411288629
39.01054563406832
39.01193715525035
39.01332867643238
39.01472019761441
39.01611171879644
39.01750323997847
39.01889629194712
39.020289343784064
39.02168239542975
39.023075447174236
39.02446849891872
39.02586155066321
39.027254602407695
39.02864765415218
39.03004070589667
39.03143375764115
39.03282680938564
39.034219861130126
39.03561291287461
39.0370059646191
39.038399016363584
39.03979311698672
39.041187217441085
39.0425813179271
39.04397541841312
39.045369518899136
39.04676361938515
39.04815771987117
39.04955182035719
39.050945920843205
39.05234002132922
39.05373412181524
39.055128222301256
39.05652232278727
39.05791642327329
39.05931052375931
39.060704178567015
39.062097833478376
39.063491488334904
39.06488514296731
39.06627879759972
39.06767245223213
39.06906610686454
39.07045976149695
39.07185341612936
39.07324707076177
39.074640725394175
39.076034380026584
39.07742803465899
39.0788216892914
39.08021534392381
