0.0013887596226061542
0.0027775191672025955
0.0013887596226061542
0.0027775191672025955
0.004166278674318192
0.005555038172503262
0.006943797529593041
0.008332557036708637
0.009721316534893706
0.011110075891983486
0.012498835399099082
0.013887594897284151
0.01527635425437393
0.016665113761489526
0.018053873259674596
0.019442632616764377
0.020831392123879973
0.022220735152881057
0.02361007834296788
0.02499942158199754
0.026388764605362634
0.027778107628727726
0.029167450652092818
0.03055679367545791
0.031946136698823006
0.0333354797221881
0.0347248227455532
0.036114165768918294
0.03750350879228339
0.038892851815648485
0.04028219483901358
0.04167153786237868
0.043062345787839094
0.04445315368381625
0.04584396156460359
0.047234769285011045
0.04862557711486862
0.050016385011611514
0.05140719273201897
0.05279800056187654
0.05418880845861944
0.055579616179026896
0.05697042400888447
0.058361231905627364
0.05975203962603482
0.06114284745589239
0.06253365535263529
0.06392500343936061
0.06531635169064517
0.06670769978124927
0.06809904771503282
0.06949039564881637
0.07088174358259992
0.07227309151638348
0.07366443945016703
0.07505578738395058
0.07644713531773413
0.07783848325151768
0.07922983118530123
0.08062117911908478
0.08201252705286834
0.08340387498665189
0.08479726885052521
0.086190662614191
0.08758405644497629
0.08897745010428322
0.09037084376359016
0.09176423742289709
0.09315763108220403
0.09455102474151096
0.0959444184008179
0.09733781206012483
0.09873120571943177
0.1001245993787387
0.10151799303804564
0.10291138669735257
0.10430478035665951
0.10569793464859893
0.10709108918188048
0.10848424371746541
0.10987739811496794
0.11127055251247046
0.11266370690997299
0.11405686130747551
0.11545001570497804
0.11684317010248056
0.11823632449998309
0.11962947889748561
0.12102263329498814
0.12241578769249066
0.12380894208999318
0.12520209648749572
0.12659377335357205
0.12798545047289864
0.12937712751777594
0.13076880463110677
0.1321604817444376
0.13355215885776842
0.13494383597109924
0.13633551308443007
0.1377271901977609
0.13911886731109172
0.14051054442442254
0.14190222153775336
0.1432938986510842
0.14468557576441501
0.14607725287774584
0.14747030766890795
0.14886336236605277
0.15025641710099724
0.15164947156242886
0.15304252602386048
0.1544355804852921
0.15582863494672372
0.15722168940815534
0.15861474386958696
0.16000779833101858
0.1614008527924502
0.16279390725388182
0.16418696171531344
0.16558001617674506
0.16697307063817668
0.16836463546850047
0.16975620028777924
0.17114776514100563
0.17253933006450295
0.17393089498800027
0.17532245991149759
0.1767140248349949
0.17810558975849222
0.17949715468198954
0.18088871960548686
0.18228028452898418
0.1836718494524815
0.1850634143759788
0.18645497929947613
0.18784654422297345
0.18923906713203567
0.19063158984131098
0.1920241127299887
0.19341663561866643
0.19480915850734415
0.19620168139602187
0.1975942042846996
0.19898672717337731
0.20037925006205504
0.20177177295073276
0.20316429583941048
0.2045568187280882
0.20594934161676592
0.20734186450544365
0.20873438739412137
0.21012529617934209
0.211516204995083
0.21290711375137547
0.21429802269797407
0.21568893164457267
0.21707984059117127
0.21847074953776988
0.21986165848436848
0.22125256743096708
0.22264347637756568
0.22403438532416428
0.22542529427076288
0.22681620321736148
0.22820711216396009
0.2295980211105587
0.23099088211743282
0.23238374307407553
0.2337766039934866
0.2351694648428999
0.23656232569231322
0.23795518654172654
0.23934804739113985
0.24074090824055316
0.24213376908996648
0.2435266299393798
0.2449194907887931
0.24631235163820642
0.24770521248761973
0.24909807333703304
0.25049093418644636
0.2518821315466657
0.2532733289922691
0.2546645263853715
0.2560557237784739
0.2574469211715763
0.2588381185646787
0.2602293159577811
0.2616205133508835
0.2630117107439859
0.2644029081370883
0.26579410553019067
0.26718530292329307
0.26857650031639546
0.26996769770949786
0.27135889510260025
0.27275200554900086
0.27414511593101476
0.27553822629808833
0.27693133672067016
0.278324447143252
0.27971755756583383
0.28111066798841566
0.2825037784109975
0.28389688883357933
0.28528999925616116
0.286683109678743
0.28807622010132483
0.28946933052390666
0.2908624409464885
0.29225555136907033
0.293650237179799
0.29504492300830526
0.2964396088191468
0.29783429460491573
0.29922898039068463
0.30062366617645353
0.30201835196222243
0.30341303774799133
0.30480772353376023
0.30620240931952913
0.30759709510529804
0.30899178089106694
0.31038646667683584
0.31178115246260474
0.31317583824837364
0.3145693614471828
0.3159628849000394
0.31735640815524385
0.31874993141044833
0.3201434546656528
0.3215369779208573
0.32293050117606176
0.32432402443126623
0.3257175476864707
0.3271110709416752
0.32850459419687966
0.32989811745208414
0.3312916407072886
0.3326851639624931
0.33407868721769757
0.3354735728265748
0.3368684586317334
0.33826334425543014
0.33965822988837485
0.34105311552131956
0.34244800115426427
0.343842886787209
0.3452377724201537
0.3466326580530984
0.3480275436860431
0.3494224293189878
0.3508173149519325
0.35221220058487723
0.35360708621782194
0.35500197185076665
0.35639657597157975
0.35779117996114695
0.3591857842032592
0.36058038823166466
0.3619749922600701
0.3633695962884756
0.36476420031688106
0.3661588043452865
0.367553408373692
0.36894801240209746
0.3703426164305029
0.3717372204589084
0.37313182448731386
0.3745264285157193
0.3759210325441248
0.3773160102288773
0.37871098779314455
0.38010596507191596
0.3815009425131135
0.38289591995431105
0.3842908973955086
0.38568587483670613
0.3870808522779037
0.3884758297191012
0.38987080716029876
0.3912657846014963
0.39266076204269384
0.3940557394838914
0.39545071692508893
0.39684569436628647
0.39823986053181687
0.3996340267187118
0.4010281928013452
0.40242235888397865
0.4038165249666121
0.4052106910492455
0.40660485713187894
0.40799902321451237
0.4093931892971458
0.41078735537977923
0.41218152146241266
0.4135756875450461
0.4149698536276795
0.41636401971031295
0.4177581857929464
0.41915345339822047
0.4205487207726658
0.4219439881663906
0.4233392555601154
0.42473452295384023
0.42612979034756504
0.42752505774128985
0.42892032513501466
0.43031559252873947
0.4317108599224643
0.4331061273161891
0.4345013947099139
0.4358966621036387
0.4372919294973635
0.4386871968910883
0.44008301720450893
0.4414788376134786
0.442874658113518
0.4442704786135574
0.4456662991135968
0.4470621196136362
0.44845794011367557
0.44985376061371496
0.45124958111375435
0.45264540161379374
0.45404122211383313
0.4554370426138725
0.4568328631139119
0.4582286836139513
0.4596245041139907
0.4610196330640371
0.46241476229895306
0.46380989144312296
0.465205020660295
0.46660014987746706
0.4679952790946391
0.46939040831181117
0.4707855375289832
0.4721806667461553
0.47357579596332733
0.4749709251804994
0.47636605439767143
0.4777611836148435
0.47915631283201554
0.4805514420491876
0.4819445293308066
0.4833376164509893
0.48473070361142306
0.4861237909293884
0.48751687824735374
0.48890996556531907
0.4903030528832844
0.49169614020124974
0.4930892275192151
0.4944823148371804
0.49587540215514575
0.4972684894731111
0.4986615767910764
0.5000546641090418
0.501447751427007
0.5028425525607543
0.5042373537037138
0.5056321548082678
0.5070269561352349
0.5084217574622019
0.5098165587891689
0.5112113601161359
0.5126061614431029
0.5140009627700699
0.5153957640970369
0.5167905654240039
0.5181853667509709
0.5195801680779379
0.520974969404905
0.522369770731872
0.5237671459927151
0.5251645212415988
0.5265618965586716
0.5279592719424039
0.5293566473261362
0.5307540227098685
0.5321513980936008
0.5335487734773331
0.5349461488610654
0.5363435242447977
0.53774089962853
0.5391382750122623
0.5405356503959946
0.5419330257797269
0.5433304011634592
0.5447343743865513
0.5461383473751849
0.5475423202063061
0.548946293144802
0.550350266083298
0.5517542390217939
0.5531582119602898
0.5545621848987857
0.5559661578372816
0.5573701307757776
0.5587741037142735
0.5601780766527694
0.5615820495912653
0.5629860225297613
0.5643899954682572
0.5657919940383943
0.5671939927500733
0.5685959916343551
0.569997990518637
0.5713999894029188
0.5728019882872006
0.5742039871714825
0.5756059860557643
0.5770079849400461
0.578409983824328
0.5798119827086098
0.5812139815928916
0.5826159804771734
0.5840179793614553
0.5854199782457371
0.586821197135419
0.5882224158623947
0.5896236346272242
0.5910248533920538
0.5924260721568834
0.5938272909217129
0.5952285096865425
0.5966297284513721
0.5980309472162016
0.5994321659810312
0.6008333847458608
0.6022346035106904
0.6036358222755199
0.6050370410403495
0.6064382598051791
0.6078415148045958
0.6092447695377253
0.6106480243513673
0.6120512791650093
0.6134545339786514
0.6148577887922934
0.6162610436059354
0.6176642984195774
0.6190675532332194
0.6204708080468614
0.6218740628605034
0.6232773176741454
0.6246805724877874
0.6260838273014294
0.6274870821150714
0.6288902923617649
0.630293502755438
0.631696713094937
0.633099923434436
0.634503133773935
0.6359063441134339
0.6373095544529329
0.6387127647924319
0.6401159751319309
0.6415191854714298
0.6429223958109288
0.6443256061504278
0.6457288164899267
0.6471320268294257
0.6485352371689247
0.649937748790447
0.6513402605326641
0.6527427722995628
0.6541452840664614
0.6555477958333601
0.6569503076002587
0.6583528193671574
0.659755331134056
0.6611578429009547
0.6625603546678533
0.663962866434752
0.6653653782016506
0.6667678899685493
0.668170401735448
0.6695729135023466
0.6709758251925729
0.6723787366735865
0.6737816482410087
0.6751845597491282
0.6765874712572476
0.677990382765367
0.6793932942734865
0.6807962057816059
0.6821991172897254
0.6836020287978448
0.6850049403059643
0.6864078518140837
0.6878107633222031
0.6892136748303226
0.690616586338442
0.692020290814137
0.6934239954137885
0.6948276998753911
0.6962314045302753
0.6976351091851596
0.6990388138400438
0.7004425184949281
0.7018462231498124
0.7032499278046966
0.7046536324595809
0.7060573371144652
0.7074610417693494
0.7088647464242337
0.710268451079118
0.7116721557340022
0.7130747858563219
0.7144774162884777
0.7158800463857906
0.7172826763555128
0.7186853063596244
0.7200879365656029
0.7214905665353251
0.7228931965394366
0.7242958267454151
0.7256984567151373
0.7271010867192489
0.7285037169252274
0.7299063468949496
0.7313089768990612
0.7327116071050397
0.734113971087084
0.7355163351898446
0.7369186989756477
0.7383210630012205
0.7397234270267933
0.7411257910523661
0.7425281550779389
0.7439305191035117
0.7453328831290845
0.7467352471546573
0.7481376111802301
0.749539975205803
0.7509423392313758
0.7523447032569486
0.7537470672825214
0.7551495940076641
0.7565521208532937
0.7579546473324837
0.7593571738116738
0.7607597002908638
0.7621622267700539
0.7635647532492439
0.7649672797284339
0.766369806207624
0.767772332686814
0.769174859166004
0.7705773856451941
0.7719799121243841
0.7733824386035741
0.7747849650827642
0.776189406927173
0.7775938488633601
0.7789982905743233
0.7804027324280574
0.7818071742817914
0.7832116161355254
0.7846160579892594
0.7860204998429934
0.7874249416967274
0.7888293835504614
0.7902338254041954
0.7916382672579294
0.7930427091116634
0.7944471509653974
0.7958515928191314
0.7972563014333952
0.7986610100105543
0.8000657185587726
0.801470427159904
0.8028751357610354
0.8042798443621668
0.8056845529632982
0.8070892615644296
0.808493970165561
0.8098986787666924
0.8113033873678238
0.8127080959689552
0.8141128045700866
0.815517513171218
0.8169222217723494
0.8183231451400003
0.8197240685144036
0.8211249919417646
0.8225259156839941
0.8239268394262237
0.8253277631684532
0.8267286869106828
0.8281296106529124
0.8295305343951419
0.8309314581373715
0.832332381879601
0.8337333056218306
0.8351342293640601
0.8365351531062897
0.8379360768485192
0.8393395141922493
0.8407429514243965
0.8421463887710885
0.8435498261177805
0.8449532634644725
0.8463567008111645
0.8477601381578566
0.8491635755045486
0.8505670128512406
0.8519704501979326
0.8533738875446246
0.8547773248913166
0.8561807622380087
0.8575841995847007
0.8589876369313927
0.8603902033646912
0.8617927698232161
0.8631953362512088
0.8645979026792016
0.8660004691071943
0.867403035535187
0.8688056019631798
0.8702081683911725
0.8716107348191653
0.873013301247158
0.8744158676751508
0.8758184341031435
0.8772210005311363
0.878623566959129
0.8800261333871218
0.8814278203418127
0.8828295072417108
0.8842311941781168
0.8856328811145228
0.8870345680509287
0.8884362549873347
0.8898379419237407
0.8912396288601466
0.8926413157965526
0.8940430027329586
0.8954446896693645
0.8968463766057705
0.8982480635421765
0.8996497504785824
0.9010514374149884
0.9024522696045506
0.9038531016974994
0.9052539337020615
0.9066547657275258
0.9080555975859905
0.9094564294444553
0.91085726130292
0.9122580931613847
0.9136589250198495
0.9150597568783142
0.9164605887367789
0.9178614205952437
0.9192622524537084
0.9206630843121731
1.0000814699659728
1.0779048782739218
1.1557282866615957
1.2335516949356806
1.3113751032097656
1.3891985114838505
1.4670219197579355
1.5448453280320205
1.6226687363061054
1.7004921445801904
1.7783155528542753
1.8561389611283603
1.9339623694024453
2.0117857776765304
2.0896091859506156
2.167432594224701
2.2477585304703807
2.3280844666935483
2.4084104030051825
2.4887363393168167
2.569062275628451
2.649388211940085
2.7297141482517193
2.8100400845633535
2.8903660208749877
2.970691957186622
3.051017893498256
3.1313438298098903
3.2116697661215245
3.2919957024331588
3.372321638744793
3.449099497848678
3.5258773569415816
3.6026552161760548
3.679433075336453
3.7562109344968513
3.8329887936572495
3.909766652817648
3.986544511978046
4.063322371138444
4.140100230298842
4.2168780894592395
4.293655948619637
4.370433807780035
4.447211666940433
4.523989526100831
4.6006526592080785
4.677315792299289
4.7539789254391955
4.830642058643939
4.907305191783845
4.983968324988588
5.060631458128494
5.137294591333237
5.213957724473143
5.290620857677887
5.367283990817793
5.443947124022536
5.520610257162442
5.597273390367185
5.673936523507091
5.753594577012648
5.833252630456791
5.912910683926581
5.992568737396372
6.0722267908661625
6.151884844335953
6.231542897805744
6.311200951275534
6.390859004745325
6.4705170582151155
6.550175111684906
6.629833165154697
6.709491218624487
6.789149272094278
6.8688073255640685
6.94753172704991
7.0262561284519665
7.1049805298266255
7.183704931190577
7.262429332565236
7.341153733929187
7.419878135303846
7.498602536667797
7.577326938042456
7.656051339406408
7.734775740781067
7.813500142145018
7.892224543519677
7.970948944883628
8.049673346258286
8.127938124407672
8.206202902601714
8.284467680756642
8.36273245891157
8.440997237066497
8.519262015221425
8.597526793376353
8.675791571531281
8.75405634968621
8.832321127841137
8.910585905996065
8.988850684150993
9.067115462305921
9.145380240460849
9.223645018615777
9.302015556972783
9.380386095366116
9.458756633835089
9.53712717225173
9.615497710515164
9.693868248835331
9.772238787251972
9.850609325515407
9.928979863835574
10.007350402252214
10.08572094051565
10.164091478835816
10.242462017252457
10.320832555515892
10.399203093836059
10.478594736764947
10.557986379522
10.63737802251306
10.71676966550412
10.796161308495181
10.875552951486242
10.954944594477302
11.034336237468363
11.113727880459424
11.193119523450484
11.272511166441545
11.351902809432605
11.431294452423666
11.510686095414727
11.590077738405787
11.66955804915878
11.74903835979854
11.828518670439793
11.907998981079553
11.987479291720806
12.06695960236206
12.146439913001819
12.225920223643072
12.305400534284326
12.384880844924085
12.464361155565339
12.543841466206592
12.623321776846351
12.702802087487605
12.782282398128858
12.86094045485943
12.939598511524263
13.018256568275415
13.096914625026567
13.17557268177772
13.254230738528872
13.332888795280024
13.411546852031176
13.490204908782328
13.56886296553348
13.647521022284632
13.726179079035784
13.804837135786936
13.883495192538089
13.96215324928924
14.043612090240185
14.12507093110793
14.206529772098634
14.287988613035283
14.369447454025988
14.450906294962637
14.532365135953341
14.613823976889991
14.695282817880695
14.776741658817345
14.85820049980805
14.939659340744699
15.021118181735403
15.102577022672053
15.184035863662757
15.264264424748191
15.344492985838208
15.424721546807751
15.504950107821854
15.585178668835956
15.665407229850059
15.745635790864162
15.825864351878264
15.906092912892367
15.98632147390647
16.06655003492057
16.146778595934673
16.227007156948776
16.30723571796288
16.38746427897698
16.46696008694543
16.54645589493607
16.62595170297382
16.705447511011567
16.784943319049315
16.864439127087063
16.943934935124812
17.02343074316256
17.10292655120031
17.182422359238057
17.261918167275805
17.341413975313554
17.420909783351302
17.50040559138905
17.5799013994268
17.66052862010697
17.74115584075553
17.821783061517895
17.90241028228026
17.983037503042627
18.063664723804994
18.14429194456736
18.224919165329727
18.305546386092093
18.38617360685446
18.466800827616826
18.547428048379192
18.62805526914156
18.708682489903925
18.78930971066629
18.86756837750074
18.945827044412006
19.024085711164936
19.102344377917866
19.180603044670796
19.258861711423727
19.337120378176657
19.415379044929587
19.493637711682517
19.571896378435447
19.650155045188377
19.728413711941307
19.806672378694238
19.884931045447168
19.963189712200098
20.042571532748536
20.12195335321381
20.201335173699608
20.280716994185404
20.3600988146712
20.439480635156997
20.518862455642793
20.59824427612859
20.677626096614386
20.757007917100182
20.83638973758598
20.915771558071775
20.99515337855757
21.074535199043368
21.153917019529164
21.233323283436672
21.312729547149267
21.392135811090604
21.47154207489782
21.550948338705034
21.63035460251225
21.709760866319463
21.78916713012668
21.868573393933893
21.947979657741108
22.027385921548323
22.106792185355538
22.186198449162752
22.265604712969967
22.345010976777182
22.424519634605392
22.504028292487472
22.58353695025304
22.66304560801861
22.74255426578418
22.822062923549748
22.901571581315316
22.981080239080885
23.060588896846454
23.140097554612023
23.21960621237759
23.29911487014316
23.37862352790873
23.458132185674298
23.537640843439867
23.617062461416786
23.69648407945061
23.775905697484433
23.855327315518256
23.93474893355208
24.014170551585902
24.093592169619725
24.17301378765355
24.252435405687372
24.331857023721195
24.41127864175502
24.49070025978884
24.570121877822665
24.649543495856488
24.72896511389031
24.806698713712787
24.88443231351318
24.962165913313573
25.03989951310161
25.117633112902002
25.19536671269004
25.27310031249043
25.350833912278468
25.42856751207886
25.506301111866897
25.58403471166729
25.661768311455326
25.73950191125572
25.817235511043755
25.894969110844148
25.971553924261528
26.048138737663887
26.124723550910662
26.20130836423324
26.277893177480014
26.35447799080259
26.431062804049365
26.50764761737194
26.584232430618716
26.660817243941292
26.737402057188067
26.813986870510643
26.89057168375742
26.967156497079994
27.04374131032677
27.045140063811978
27.046538817420515
27.047937571054014
27.0493363247391
27.05073507842419
27.052133832109277
27.053532585794365
27.054931339479452
27.05633009316454
27.057728846849628
27.059127600534715
27.060526354219803
27.06192510790489
27.06332386158998
27.064722615275066
27.066121788654854
27.06752096201036
27.06892013537635
27.07031930886599
27.07171848235563
27.073117655845273
27.074516829334915
27.075916002824556
27.077315176314197
27.07871434980384
27.08011352329348
27.081512696783122
27.082911870272763
27.084311043762405
27.085710217252046
27.087108064214753
27.08850591115268
27.08990375813323
27.091301605113777
27.092699452094326
27.094097299074875
27.095495146055423
27.096892993035972
27.09829084001652
27.09968868699707
27.101086533977618
27.102484380958167
27.103882227938715
27.105280074919264
27.106677921899813
27.10807507239764
27.109472222822994
27.110869373311424
27.112266523799853
27.113663674288283
27.115060824776712
27.116457975265142
27.11785512575357
27.119252276242
27.12064942673043
27.12204657721886
27.12344372770729
27.12484087819572
27.12623802868415
27.12762955962899
27.129021455067242
27.1304133503434
27.13180524570863
27.13319714111807
27.13458903652751
27.135980931936952
27.137372827346393
27.138764722755834
27.140156618165275
27.141548513574715
27.142940408984156
27.144332304393597
27.145724199803038
27.14711609521248
27.14850799062192
27.1498992813493
27.151290572035915
27.152681862852212
27.15407315340904
27.15546444396587
27.156855734522697
27.158247025079525
27.159638315636354
27.161029606193182
27.16242089675001
27.16381218730684
27.165203477863667
27.166594768420495
27.167986058977323
27.16937734953415
27.17076983853702
27.172162327779457
27.17355481704821
27.174947306498296
27.176339795948383
27.17773228539847
27.179124774848557
27.180517264298643
27.18190975374873
27.183302243198817
27.184694732648904
27.18608722209899
27.187479711549077
27.188872200999164
27.19026469044925
27.19165161099815
27.19303853179368
27.194425452598015
27.195812373443115
27.197199294157116
27.198586214815357
27.199973135660457
27.201360056374458
27.2027469770327
27.2041338978778
27.2055208185918
27.206907739250042
27.20829466009514
27.209681580809143
27.211068501467384
27.21245661034812
27.213844719256716
27.21523282813579
27.21662093704343
27.21800904595107
27.21939715485871
27.220785263766352
27.222173372673993
27.223561481581633
27.224949590489274
27.226337699396915
27.227725808304555
27.229113917212196
27.230502026119837
27.231890135027477
27.233273179459292
27.23465622382629
27.23603926802308
27.237422312219874
27.238805356416666
27.24018840061346
27.24157144481025
27.242954489007044
27.244337533203836
27.24572057740063
27.24710362159742
27.248486665794214
27.249869709991007
27.2512527541878
27.252635798384592
27.25402125785669
27.255406717267274
27.256792176723238
27.2581776361792
27.259563095635166
27.26094855509113
27.262334014547093
27.263719474003057
27.26510493345902
27.266490392914985
27.26787585237095
27.269261311826913
27.270646771282877
27.27203223073884
27.273417690194805
27.274803096829036
27.276188503484843
27.277573910082292
27.278959316843522
27.280344723604752
27.281730130365982
27.283115537127212
27.284500943888442
27.285886350649672
27.287271757410902
27.288657164172132
27.290042570933362
27.291427977694592
27.292813384455823
27.294198791217053
27.29558089878473
27.296963006689925
27.29834511443943
27.299727222188938
27.301109329938445
27.30249143768795
27.303873545437458
27.305255653186965
27.30663776093647
27.308019868685978
27.309401976435485
27.31078408418499
27.312166191934498
27.313548299684005
27.31493040743351
27.316312836196154
27.317695264885174
27.319077693680985
27.320460122476796
27.321842551272606
27.323224980068417
27.324607408864228
27.32598983766004
27.32737226645585
27.32875469525166
27.33013712404747
27.331519552843282
27.332901981639093
27.334284410434904
27.335666839230715
27.33704945229084
27.338432065489897
27.339814678578044
27.34119729166619
27.342579904754338
27.343962517842485
27.34534513093063
27.34672774401878
27.348110357106926
27.349492970195072
27.35087558328322
27.352258196371366
27.353640809459513
27.35502342254766
27.356406035635807
27.357789498632645
27.3591729618576
27.360556425142597
27.361939888338362
27.36332335150825
27.364706814597117
27.366090277660106
27.367473741015345
27.368857204122325
27.37024066729221
27.37162413038108
27.37300759344407
27.374391056799308
27.375774519906287
27.377157983076174
27.378541759423864
27.379925535630502
27.381309311889876
27.382693088389512
27.38407686488915
27.385460641388786
27.386844417888422
27.38822819438806
27.389611970887696
27.390995747387333
27.39237952388697
27.393763300386606
27.395147076886243
27.39653085338588
27.397914629885516
27.399298129656405
27.40068162951575
27.40206512923971
27.403448628962956
27.4048321287599
27.40621562848386
27.407599128207107
27.40898262800405
27.41036612772801
27.411749627451258
27.4131331272482
27.414516626972162
27.41590012669541
27.417283626492353
27.418667126216313
27.420050208168075
27.42143329020485
27.42281637208649
27.424199454073534
27.425582536060578
27.42696561804762
27.428348700034665
27.429731782021708
27.43111486400875
27.432497945995795
27.43388102798284
27.435264109969882
27.436647191956926
27.43803027394397
27.439413355931013
27.440800261744215
27.44218716736693
27.44357407275219
27.444960978137452
27.446347883522712
27.447734788907972
27.449121694293233
27.450508599678493
27.451895505063753
27.453282410449013
27.454669315834273
27.456056221219534
27.457443126604794
27.458830031990054
27.460216937375314
27.46160060477504
27.46298427217767
27.464367939705145
27.46575160723262
27.467135274760093
27.468518942287567
27.46990260981504
27.471286277342514
27.47266994486999
27.474053612397462
27.475437279924936
27.47682094745241
27.478204614979884
27.479588282507358
27.48097195003483
27.48235407986868
27.483736209853138
27.48511833988547
27.486500469689737
27.487882599494004
27.48926472929827
27.490646859102537
27.492028988906803
27.49341111871107
27.494793248515336
27.496175378319602
27.49755750812387
27.498939637928135
27.5003217677324
27.501703897536668
27.503090631260413
27.504477364897554
27.505864098371646
27.507250831845738
27.50863756531983
27.510024298793923
27.511411032268015
27.512797765742107
27.5141844992162
27.51557123269029
27.516957966164384
27.518344699638476
27.519731433112568
27.52111816658666
27.522504900060753
27.523888808027294
27.52527271606261
27.52665662394649
27.528040532107603
27.529424440268716
27.53080834842983
27.532192256590942
27.533576164752056
27.53496007291317
27.536343981074282
27.537727889235395
27.539111797396508
27.54049570555762
27.541879613718734
27.543263521879847
27.544649374119242
27.5460352261904
27.54742107821771
27.548806930245018
27.550192782272326
27.551578634299634
27.552964486326943
27.55435033835425
27.55573619038156
27.557122042408867
27.558507894436175
27.559893746463484
27.561279598490792
27.5626654505181
27.56405130254541
27.565434991341387
27.566818680007188
27.56820236861596
27.569586057224733
27.570969745833505
27.572353434442277
27.57373712305105
27.575120811659822
27.576504500268594
27.577888188877367
27.57927187748614
27.58065556609491
27.582039254703684
27.583422943312456
27.58480663192123
27.586189836968586
27.58757304212749
27.588956247239437
27.590339452351383
27.59172265746333
27.593105862575275
27.59448906768722
27.595872272799166
27.597255477911112
27.598638683023058
27.600021888135004
27.60140509324695
27.602788298358895
27.60417150347084
27.605554708582787
27.606939811585264
27.60832491453709
27.609710017526464
27.61109512064551
27.612480223764553
27.613865326883598
27.615250430002643
27.616635533121688
27.618020636240733
27.619405739359777
27.620790842478822
27.622175945597867
27.623561048716912
27.624946151835957
27.626331254955
27.627717657456838
27.629104060067043
27.630490462729355
27.631876865391668
27.63326326805398
27.634649670716293
27.636036073378605
27.637422476040918
27.63880887870323
27.640195281365543
27.641581684027855
27.642968086690168
27.64435448935248
27.645740892014793
27.647127294677105
27.648513145186616
27.64989899554393
27.6512848459287
27.652670696331374
27.654056546734047
27.65544239713672
27.656828247539394
27.658214097942068
27.65959994834474
27.660985798747415
27.66237164915009
27.663757499552762
27.665143349955436
27.66652920035811
27.667915050760783
