0.0013907335741909705
0.002781467365228674
0.004172200925355376
0.00556293467591412
0.006953668314145164
0.008344401874271866
0.009735135624830612
0.011125869263061656
0.012516602823188358
0.013907336573747103
0.015298070211978147
0.016688803772104847
0.018079537522663593
0.01947027116089464
0.02086100472102134
0.0222522922440553
0.02364357962275077
0.025034866963938623
0.02642615427887988
0.02781744159382114
0.0292087289087624
0.030600016223703657
0.03199130353864491
0.03338259085358617
0.03477387816852743
0.03616516548346869
0.037556452798409946
0.038947740113351205
0.040339027428292464
0.04173031474323372
0.043122991833245285
0.04451566898051676
0.045908346284274384
0.04730102335601522
0.04869370051021555
0.05008637784374406
0.0514790549154849
0.05287173206968523
0.05426440940321374
0.05565708647495458
0.057049763629154905
0.05844244096268342
0.059835118034424255
0.06122779518862458
0.0626204725221531
0.06401366233672351
0.06540685225698425
0.06680004223548401
0.06819323213235089
0.06958642202921776
0.07097961192608464
0.07237280182295151
0.07376599171981839
0.07515918161668526
0.07655237151355214
0.07794556141041901
0.07933875130728589
0.08073194120415277
0.08212513110101964
0.08351832099788652
0.08491345232346974
0.0863085836997481
0.08770371505498983
0.08909884625675434
0.09049397745851884
0.09188910866028334
0.09328423986204784
0.09467937106381234
0.09607450226557684
0.09746963346734135
0.09886476466910585
0.10025989587087035
0.10165502707263485
0.10305015827439935
0.10444528947616386
0.10584019367472608
0.10723509772090022
0.10863000173002257
0.1100249058974019
0.11141981006478122
0.11281471423216054
0.11420961839953986
0.11560452256691918
0.1169994267342985
0.11839433090167782
0.11978923506905714
0.12118413923643646
0.12257904340381579
0.1239739475711951
0.12536885173857443
0.12676235387072957
0.12815585578391012
0.12954935796202913
0.130942859900833
0.13233636183963685
0.1337298637784407
0.13512336571724456
0.13651686765604842
0.13791036959485228
0.13930387153365614
0.14069737347246
0.14209087541126386
0.14348437735006772
0.14487787928887158
0.14627138122767544
0.14766619074294343
0.14906100009340614
0.1504558094854387
0.1518506188211604
0.1532454281568821
0.1546402374926038
0.1560350468283255
0.1574298561640472
0.1588246654997689
0.1602194748354906
0.1616142841712123
0.163009093506934
0.16440390284265569
0.16579871217837738
0.16719352151409908
0.16858691720390798
0.16998031309044906
0.17137370879755076
0.17276710456538494
0.17416050033321911
0.1755538961010533
0.17694729186888747
0.17834068763672165
0.17973408340455582
0.18112747917239
0.18252087494022418
0.18391427070805835
0.18530766647589253
0.1867010622437267
0.18809445801156088
0.1894887627771254
0.19088306758003223
0.1922773722307439
0.19367167688145556
0.19506598153216723
0.1964602861828789
0.19785459083359055
0.19924889548430222
0.20064320013501388
0.20203750478572555
0.2034318094364372
0.20482611408714888
0.20622041873786054
0.2076147233885722
0.20900902803928387
0.21040180108727813
0.21179457410334876
0.21318734720951488
0.21458012032208637
0.21597289343465786
0.21736566654722936
0.21875843965980085
0.22015121277237235
0.22154398588494384
0.22293675899751533
0.22432953211008683
0.22572230522265832
0.22711507833522981
0.2285078514478013
0.2299006245603728
0.23129525009614343
0.2326898755948922
0.23408450113317905
0.23547912660846013
0.2368737520837412
0.23826837755902228
0.23966300303430335
0.24105762850958443
0.2424522539848655
0.24384687946014658
0.24524150493542765
0.24663613041070873
0.2480307558859898
0.24942538136127088
0.2508200068365519
0.25221305367654345
0.25360610063442646
0.2549991476777161
0.2563921946588393
0.25778524163996247
0.25917828862108566
0.26057133560220885
0.26196438258333204
0.26335742956445524
0.26475047654557843
0.2661435235267016
0.2675365705078248
0.268929617488948
0.2703226644700712
0.2717157114511944
0.27311057390465204
0.27450543621167184
0.27590029859874515
0.2772951609570721
0.278690023315399
0.2800848856737259
0.28147974803205283
0.28287461039037975
0.2842694727487067
0.2856643351070336
0.2870591974653605
0.28845405982368744
0.28984892218201436
0.2912437845403413
0.2926386468986682
0.29403500408671684
0.29543136107933327
0.296827718070571
0.2982240750179862
0.2996204319654014
0.3010167889128166
0.30241314586023177
0.30380950280764696
0.30520585975506215
0.30660221670247734
0.3079985736498925
0.3093949305973077
0.3107912875447229
0.3121876444921381
0.3135840014395533
0.31497925522746023
0.31637450919326726
0.3177697633668825
0.31916501754049775
0.320560271714113
0.32195552588772824
0.3233507800613435
0.32474603423495874
0.326141288408574
0.3275365425821892
0.3289317967558045
0.3303270509294197
0.33172230510303496
0.3331175592766502
0.33451281345026546
0.3359093600992217
0.33730590704277447
0.338702453612595
0.34009900028283124
0.3414955469530675
0.34289209362330375
0.34428864029354
0.34568518696377626
0.3470817336340125
0.34847828030424877
0.349874826974485
0.3512713736447213
0.35266792031495753
0.3540644669851938
0.35546101365543004
0.3568572931233459
0.3582535728461922
0.35964985274313216
0.36104613235883626
0.36244241197454036
0.36383869159024446
0.36523497120594856
0.36663125082165265
0.36802753043735675
0.36942381005306085
0.37082008966876495
0.37221636928446905
0.37361264890017315
0.37500892851587725
0.37640520813158135
0.37780184219094975
0.37919847598675355
0.38059510995953066
0.38199174405168623
0.3833883781438418
0.38478501223599737
0.38618164632815294
0.3875782804203085
0.3889749145124641
0.39037154860461964
0.3917681826967752
0.3931648167889308
0.39456145088108635
0.3959580849732419
0.3973547190653975
0.3987505831131891
0.4001464472457321
0.40154231136478236
0.4029381754838326
0.40433403960288283
0.40572990372193307
0.4071257678409833
0.40852163196003355
0.4099174960790838
0.411313360198134
0.41270922431718426
0.4141050884362345
0.41550095255528474
0.416896816674335
0.4182926807933852
0.4196895896734843
0.42108649857052055
0.42248340773652354
0.42388031690252653
0.4252772260685295
0.4266741352345325
0.4280710444005355
0.4294679535665385
0.4308648627325415
0.4322617718985445
0.43365868106454747
0.43505559023055046
0.43645249939655345
0.43784940856255644
0.43924631772855943
0.4406437515134024
0.44204118521704977
0.4434386187212022
0.44483605222535466
0.4462334857295071
0.44763091923365955
0.449028352737812
0.45042578624196444
0.4518232197461169
0.45322065325026933
0.4546180867544218
0.4560155202585742
0.45741295376272667
0.4588103872668791
0.46020782077103156
0.4616045986529184
0.4630013763382466
0.4643981541388175
0.4657949317630056
0.46719170938719373
0.46858848701138184
0.46998526463556994
0.47138204225975805
0.47277881988394616
0.47417559750813426
0.47557237513232237
0.4769691527565105
0.4783659303806986
0.4797627080048867
0.4811594856290748
0.4825543259113301
0.48394916618530137
0.4853440066952828
0.4867388472054855
0.48813368771568816
0.4895285282258908
0.4909233687360935
0.49231820924629616
0.4937130497564988
0.4951078902667015
0.49650273077690416
0.4978975712871068
0.4992924117973095
0.5006872523075122
0.5020820928177149
0.5034785594282911
0.504875025996624
0.5062714928153166
0.507667959510694
0.5090644262060714
0.5104608929014488
0.5118573595968262
0.5132538262922036
0.514650292987581
0.5160467596829584
0.5174432263783358
0.5188396930737132
0.5202361597690907
0.5216326264644681
0.5230290931598455
0.524428001790335
0.5258269103158305
0.5272258189374825
0.5286247274959524
0.5300236360544222
0.531422544612892
0.5328214531713618
0.5342203617298316
0.5356192702883014
0.5370181788467712
0.538417087405241
0.5398159959637108
0.5412149045221806
0.5426138130806504
0.5440127216391202
0.5454177408821169
0.5468227599670484
0.5482277791925417
0.5496327983089073
0.5510378174252729
0.5524428365416385
0.5538478556580041
0.5552528747743697
0.5566578938907353
0.5580629130071009
0.5594679321234665
0.560872951239832
0.5622779703561976
0.5636829894725632
0.5650880085889288
0.5664911556216168
0.5678943029797702
0.5692974504241445
0.5707005978685188
0.5721037453128931
0.5735068927572674
0.5749100402016417
0.576313187646016
0.5777163350903903
0.5791194825347646
0.580522629979139
0.5819257774235133
0.5833289248678876
0.5847320723122619
0.5861352197566362
0.5875376275020141
0.5889400353480387
0.5903424429981656
0.5917448506482925
0.5931472582984194
0.5945496659485463
0.5959520735986732
0.5973544812488001
0.598756888898927
0.6001592965490539
0.6015617041991808
0.6029641118493076
0.6043665194994345
0.6057689271495614
0.6071713347996883
0.6085756731440851
0.609980011685039
0.6113843500430047
0.6127886884009704
0.6141930267589362
0.6155973651169019
0.6170017034748676
0.6184060418328333
0.619810380190799
0.6212147185487648
0.6226190569067305
0.6240233952646962
0.6254277336226619
0.6268320719806276
0.6282364103385933
0.6296407060590954
0.6310450017214254
0.6324492977112388
0.6338535937010522
0.6352578896908656
0.636662185680679
0.6380664816704924
0.6394707776603058
0.6408750736501192
0.6422793696399326
0.643683665629746
0.6450879616195594
0.6464922576093728
0.6478965535991862
0.6493008495889996
0.6507044833050718
0.6521081168567268
0.6535117504605151
0.6549153840643035
0.6563190176680919
0.6577226512718802
0.6591262848756686
0.660529918479457
0.6619335520832453
0.6633371856870337
0.6647408192908221
0.6661444528946104
0.6675480864983988
0.6689517201021872
0.6703553537059755
0.6717593666490308
0.673163379410859
0.6745673921923533
0.6759714049743781
0.677375417756403
0.6787794305384278
0.6801834433204527
0.6815874561024775
0.6829914688845024
0.6843954816665272
0.685799494448552
0.6872035072305769
0.6886075200126017
0.6900115327946266
0.6914155455766514
0.6928203100815824
0.694225074759185
0.6956298393571829
0.6970346041304323
0.6984393689036816
0.699844133676931
0.7012488984501803
0.7026536632234297
0.7040584279966791
0.7054631927699284
0.7068679575431778
0.7082727223164271
0.7096774870896765
0.7110822518629258
0.7124870166361752
0.7138907626631417
0.7152945085565725
0.7166982544805728
0.7181020004751679
0.7195057463941226
0.7209094923965607
0.7223132383911558
0.7237169843101104
0.7251207303125485
0.7265244763071437
0.7279282222260983
0.7293319682285364
0.7307357142231315
0.7321394601420862
0.7335432061445243
0.7349466997835366
0.7363501933930491
0.737753686923898
0.7391571803679227
0.7405606738119473
0.741964167255972
0.7433676606999967
0.7447711541440214
0.7461746475880461
0.7475781410320708
0.7489816344760954
0.7503851279201201
0.7517886213641448
0.7531921148081695
0.7545956082521942
0.7559992561349609
0.757402904116742
0.758806551994559
0.760210199872376
0.761613847750193
0.76301749562801
0.764421143505827
0.765824791383644
0.767228439261461
0.768632087139278
0.770035735017095
0.771439382894912
0.772843030772729
0.774246678650546
0.775650326528363
0.7770557901577301
0.7784612537164467
0.7798667171815865
0.7812721805062749
0.7826776438309633
0.7840831071556517
0.78548857048034
0.7868940338050284
0.7882994971297168
0.7897049604544052
0.7911104237790936
0.792515887103782
0.7939213504284703
0.7953268137531587
0.7967322770778471
0.7981379936945009
0.799543710196959
0.8009494265916444
0.8023551431195329
0.8037608596474215
0.8051665761753101
0.8065722927031986
0.8079780092310872
0.8093837257589758
0.8107894422868643
0.8121951588147529
0.8136008753426415
0.81500659187053
0.8164123083984186
0.8178180249263072
0.8192201525812336
0.8206222802053456
0.8220244078982238
0.8234265358662596
0.8248286638342953
0.826230791802331
0.8276329197703668
0.8290350477384025
0.8304371757064383
0.831839303674474
0.8332414316425097
0.8346435596105455
0.8360456875785812
0.837447815546617
0.8388499435146527
0.840254454946492
0.8416589662404933
0.8430634774710659
0.8444679887016385
0.8458724999322111
0.8472770111627838
0.8486815223933564
0.850086033623929
0.8514905448545016
0.8528950560850742
0.8542995673156468
0.8557040785462194
0.857108589776792
0.8585131010073647
0.8599176122379373
0.8613212977325787
0.8627249834911844
0.8641286691558293
0.8655323548204742
0.8669360404851191
0.868339726149764
0.8697434118144088
0.8711470974790537
0.8725507831436986
0.8739544688083435
0.8753581544729884
0.8767618401376333
0.8781655258022781
0.879569211466923
0.8809728971315679
0.8823757488311788
0.8837786004520071
0.8851814523054323
0.8865843041588576
0.8879871560122828
0.8893900078657081
0.8907928597191334
0.8921957115725586
0.8935985634259839
0.8950014152794091
0.8964042671328344
0.8978071189862596
0.8992099708396849
0.9006128226931102
0.9020156745465354
0.9034177153646701
0.9048197562824376
0.9062217971284223
0.9076238381709925
0.9090258789650323
0.9104279197590721
0.9118299605531119
0.9132320013471518
0.9146340421411916
0.9160360829352314
0.9174381237292712
0.9188401645233111
0.9202422053173509
0.9216442461113907
1.0134273357579209
1.1037017634566446
1.1939761911360116
1.284250618784612
1.3745250464332126
1.464799474081813
1.5550739017304136
1.645348329379014
1.7356227570276146
1.825897184676215
1.9161716123248156
2.006446039973416
2.0967204676220166
2.186994895270617
2.2772693229192176
2.367543750567818
2.4600821847770002
2.552620619055688
2.645159053279552
2.7376974875034157
2.8302359217272794
2.922774355951143
3.015312790175007
3.1078512243988707
3.2003896586227345
3.2929280928465983
3.385466527070462
3.478004961294326
3.5705433955181896
3.6630818297420533
3.755620263965917
3.8449333463552686
3.9342464288300585
4.023559511235246
4.1128725936843935
4.202185676133541
4.291498758582689
4.380811841031837
4.470124923480984
4.559438005930132
4.64875108837928
4.7380641708284275
4.827377253277575
4.916690335726723
5.006003418175871
5.095316500625018
5.184520693176994
5.273724885516383
5.362929077767307
5.452133269957872
5.541337462208795
5.6305416543993605
5.719745846650284
5.808950038840849
5.898154231091772
5.987358423282338
6.076562615533261
6.165766807723826
6.254970999974749
6.344175192165315
6.433379384416238
6.52544445024492
6.617509516296341
6.709574582244489
6.801639648192637
6.893704714140785
6.985769780088933
7.0778348460370815
7.16989991198523
7.261964977933378
7.354030043881526
7.446095109829674
7.538160175777822
7.63022524172597
7.722290307674118
7.814355373622266
7.905520052705678
7.996684731567741
8.087849410672804
8.179014089666017
8.270178768771082
8.361343447764295
8.45250812686936
8.543672805862572
8.634837484967637
8.72600216396085
8.817166843065914
8.908331522059127
8.999496201164192
9.090660880157404
9.18182555926247
9.272505636656376
9.36318571386016
9.45386579139522
9.54454586893028
9.63522594646534
9.7259060240004
9.81658610153546
9.90726617907052
9.99794625660558
10.08862633414064
10.1793064116757
10.26998648921076
10.36066656674582
10.45134664428088
10.54202672181594
10.63286969376526
10.723712665648497
10.814555637526759
10.905398609376075
10.99624158133153
11.08708455330257
11.177927525151887
11.268770497107342
11.359613469078383
11.450456440927699
11.541299412883154
11.632142384854195
11.72298535670351
11.813828328658966
11.904671300630007
11.996331137663656
12.08799097481255
12.179650811995186
12.271310649177822
12.362970486360458
12.454630323543094
12.54629016072573
12.637949997908366
12.729609835091003
12.821269672273639
12.912929509456275
13.00458934663891
13.096249183821547
13.187909021004183
13.279568858186819
13.371310860601108
13.46305286302425
13.554794865370706
13.646536867796208
13.738278870142663
13.830020872489118
13.92176287491462
14.013504877261076
14.105246879607531
14.196988882033033
14.288730884379488
14.380472886725943
14.472214889151445
14.5639568914979
14.655698893844356
14.746803191290754
14.837907488899274
14.929011786282429
15.020116083665583
15.111220381048737
15.202324678431891
15.293428975815045
15.3845332731982
15.475637570581354
15.566741867964508
15.657846165347662
15.748950462730816
15.84005476011397
15.931159057497124
16.02226335488028
16.115835249287777
16.209407143626205
16.30297903784715
16.396550932141714
16.49012282636266
16.583694720657224
16.67726661487817
16.770838509172734
16.86441040339368
16.957982297688243
17.05155419190919
17.145126086203753
17.2386979804247
17.332269874719263
17.42584176894021
17.518290335896218
17.610738902881128
17.703187469866037
17.795636036976266
17.888084604086494
17.980533171196722
18.07298173830695
18.16543030541718
18.257878872527407
18.350327439637635
18.442776006747863
18.53522457385809
18.62767314096832
18.720121708078548
18.812570275188776
18.90448817458682
18.996406074092153
19.0883239736851
19.180241873278046
19.272159772870992
19.36407767246394
19.455995572056885
19.54791347164983
19.639831371242778
19.731749270835724
19.82366717042867
19.915585070021617
20.007502969614563
20.09942086920751
20.191338768800456
20.28415357538107
20.376968381985282
20.469783188532436
20.56259799507959
20.655412801626742
20.748227608173895
20.84104241472105
20.9338572212682
21.026672027815355
21.119486834362508
21.21230164090966
21.305116447456815
21.397931254003968
21.49074606055112
21.583560867098274
21.674235328511823
21.764909789734606
21.85558425088668
21.946258712038752
22.036933173190825
22.127607634342898
22.21828209549497
22.308956556647043
22.399631017799116
22.49030547895119
22.580979940103262
22.671654401255335
22.762328862407408
22.85300332355948
22.943677784711554
23.035328520104912
23.126979255371797
23.218629990875236
23.310280726378675
23.401931461882114
23.493582197385553
23.585232932888992
23.67688366839243
23.76853440389587
23.86018513939931
23.95183587490275
24.043486610406188
24.135137345909627
24.226788081413066
24.318438816916505
24.410112202390444
24.50178558773236
24.593458973120764
24.685132358561326
24.776805744001887
24.86847912944245
24.96015251488301
25.05182590032357
25.143499285764133
25.235172671204694
25.326846056645255
25.418519442085817
25.510192827526378
25.60186621296694
25.6935395984075
25.785469174820708
25.877398751157116
25.969328327694452
26.061257904231788
26.153187480769123
26.24511705730646
26.337046633843794
26.42897621038113
26.520905786918465
26.6128353634558
26.704764939993137
26.796694516530472
26.888624093067808
26.980553669605143
27.07248324614248
27.164269292187765
27.25605533829783
27.347841384407896
27.439627430517962
27.53141347662803
27.623199522738094
27.71498556884816
27.806771614958226
27.898557661068292
27.990343707178358
28.082129753288424
28.17391579939849
28.265701845508556
28.35748789161862
28.449273937728687
28.539465833649736
28.629657729532067
28.719849625356687
28.810041521194115
28.900233417018736
28.990425312856164
29.080617208680785
29.170809104518213
29.261001000342834
29.35119289618026
29.441384792004882
29.53157668784231
29.62176858366693
29.71196047950436
29.80215237532898
29.891282469935668
29.980412564494838
30.069542659110144
30.15867275365882
30.247802848274127
30.336932942822802
30.42606303743811
30.515193131986784
30.60432322660209
30.693453321150766
30.782583415766073
30.87171351031475
30.960843604930055
31.04997369947873
31.139103794094037
31.140503863743895
31.141903933536287
31.143304003375743
31.144704073056914
31.146104142738086
31.147504212419257
31.14890428210043
31.1503043517816
31.15170442146277
31.153104491143942
31.154504560825114
31.155904630506285
31.157304700187456
31.158704769868628
31.1601048395498
31.161505307554897
31.1629057754613
31.164306243305337
31.165706711103045
31.167107178900753
31.168507646698462
31.16990811449617
31.17130858229388
31.172709050091587
31.174109517889296
31.175509985687004
31.176910453484712
31.17831092128242
31.17971138908013
31.181111856877838
31.182511066594984
31.183910276496775
31.185309486450656
31.186708696404537
31.188107906358418
31.1895071163123
31.19090632626618
31.19230553622006
31.193704746173943
31.195103956127824
31.196503166081705
31.197902376035586
31.199301585989467
31.200700795943348
31.20210000589723
31.203498555015134
31.20489710419866
31.206295653446844
31.207694202695027
31.20909275194321
31.210491301191393
31.211889850439576
31.21328839968776
31.21468694893594
31.216085498184125
31.217484047432308
31.21888259668049
31.220281145928674
31.221679695176856
31.22307305879019
31.224466768301628
31.225860477624952
31.227254186912003
31.228647896183844
31.230041605455686
31.231435314727527
31.23282902399937
31.23422273327121
31.23561644254305
31.237010151814893
31.238403861086734
31.239797570358576
31.241191279630417
31.24258498890226
31.2439786981741
31.245371833566036
31.246764968874146
31.248158104336547
31.249551239786673
31.2509443752368
31.252337510686925
31.25373064613705
31.255123781587177
31.256516917037303
31.25791005248743
31.259303187937554
31.26069632338768
31.262089458837806
31.263482594287932
31.26487572973806
31.266270002745006
31.267664275636378
31.26905854858859
31.270452821493024
31.271847094397458
31.273241367301893
31.274635640206327
31.27602991311076
31.277424186015196
31.27881845891963
31.280212731824065
31.2816070047285
31.283001277632934
31.28439555053737
31.285789823441803
31.287178812938542
31.28856780245872
31.28995679204487
31.291345781672213
31.292734771306925
31.29412376087848
31.295512750505825
31.296901740140537
31.298290729712093
31.299679719339437
31.30106870897415
31.302457698545705
31.30384668817305
31.30523567780776
31.306624667379317
31.308014783980717
31.30940490056016
31.31079501720333
31.31218513385106
31.31357525049879
31.31496536714652
31.31635548379425
31.31774560044198
31.31913571708971
31.32052583373744
31.321915950385172
31.323306067032902
31.324696183680633
31.326086300328363
31.327476416976094
31.328861730661163
31.330247044207265
31.33163235787815
31.333017671549033
31.334402985219917
31.3357882988908
31.337173612561685
31.33855892623257
31.339944239903453
31.341329553574337
31.34271486724522
31.344100180916104
31.34548549458699
31.346870808257872
31.348256121928756
31.349643725676433
31.351031329382174
31.35241893329976
31.353806537217345
31.35519414113493
31.356581745052516
31.3579693489701
31.359356952887687
31.360744556805273
31.362132160722858
31.363519764640444
31.36490736855803
31.366294972475615
31.3676825763932
31.369070180310786
31.370457734132568
31.37184528778567
31.373232841605937
31.374620395311187
31.376007949016437
31.377395502721686
31.378783056426936
31.380170610132186
31.381558163837436
31.382945717542686
31.384333271247936
31.385720824953186
31.387108378658436
31.388495932363686
31.389883486068936
31.391267912051116
31.392652337972862
31.394036763739038
31.395421189505214
31.39680561527139
31.398190041037566
31.39957446680374
31.400958892569918
31.402343318336094
31.40372774410227
31.405112169868445
31.40649659563462
31.407881021400797
31.409265447166973
31.41064987293315
31.412034603045882
31.413419333260748
31.414804063480535
31.41618879370032
31.417573523920108
31.418958254139895
31.42034298435968
31.42172771457947
31.423112444799255
31.42449717501904
31.42588190523883
31.427266635458615
31.4286513656784
31.43003609589819
31.431420826117975
31.43280573086426
31.434190635589196
31.435575540384487
31.43696044517978
31.43834534997507
31.43973025477036
31.44111515956565
31.442500064360942
31.443884969156233
31.445269873951524
31.446654778746815
31.448039683542106
31.449424588337397
31.450809493132688
31.45219439792798
31.453580108519343
31.454965819147787
31.45635152984667
31.457737240509154
31.459122951197614
31.460508661733144
31.46189437251348
31.463280083078267
31.464665793843977
31.466051504532437
31.467437215067967
31.468822925848304
31.47020863641309
31.4715943471788
31.47298005786726
31.47436606549397
31.47575207307168
31.477138080505007
31.478524088131255
31.479910095757504
31.48129610338375
31.48268211101
31.484068118636248
31.485454126262496
31.486840133888744
31.488226141514993
31.48961214914124
31.49099815676749
31.492384164393737
31.493770172019985
31.49515591744369
31.496541662987028
31.4979274084373
31.499313153914006
31.500698899413912
31.502084644864183
31.50347039034089
31.504856135840797
31.506241881291068
31.507627626767775
31.50901337226768
31.510399117717952
31.51178486319466
31.513170608694566
31.514556354144837
31.515941703161463
31.517327052318308
31.518712401622924
31.52009775067267
31.521483099722413
31.522868448772158
31.524253797821903
31.525639146871647
31.527024495921392
31.528409844971137
31.52979519402088
31.531180543070626
31.53256589212037
31.533951241170115
31.53533659021986
31.536725565447572
31.538114540497812
31.53950351558437
31.54089249067093
31.54228146575749
31.54367044084405
31.54505941593061
31.54644839101717
31.547837366103728
31.549226341190288
31.550615316276847
31.552004291363406
31.553393266449966
31.554782241536525
31.556171216623085
31.557557120881565
31.558943025322783
31.560328929686737
31.56171483405069
31.563100738414644
31.564486642778597
31.56587254714255
31.567258451506504
31.568644355870457
31.57003026023441
31.571416164598364
31.572802068962318
31.57418797332627
31.575573877690225
31.57695978205418
31.578344228964447
31.579728675670466
31.581113122456404
31.58249756921318
31.58388201596996
31.585266462726736
31.586650909483513
31.58803535624029
31.589419802997067
31.590804249753845
31.592188696510622
31.5935731432674
31.594957590024176
31.596342036780953
31.59772648353773
31.599115295724257
31.60050410786534
31.60189291998822
31.6032817321111
31.60467054423398
31.60605935635686
31.60744816847974
31.608836980602618
31.610225792725497
31.611614604848377
31.613003416971257
31.614392229094136
31.615781041217016
31.617169853339895
31.618558665462775
31.619944797668328
31.62133093011326
31.622717062509693
31.624103194849575
31.625489327189456
31.626875459529337
31.62826159186922
31.6296477242091
31.63103385654898
31.632419988888863
31.633806121228744
31.635192253568626
31.636578385908507
31.63796451824839
31.63935065058827
31.640738626689807
31.642126602740316
31.643514578947645
31.644902555154975
31.646290531362304
31.647678507569633
31.649066483776963
31.650454459984292
31.65184243619162
31.65323041239895
31.65461838860628
31.65600636481361
31.65739434102094
31.65878231722827
31.6601702934356
31.66155621764909
31.66294214211002
31.664328066592947
31.665713991075876
31.667099915558804
31.668485840041733
31.66987176452466
31.67125768900759
31.672643613490518
31.674029537973446
31.675415462456375
31.676801386939303
31.67818731142223
31.67957323590516
31.68095916038809
31.68234462642161
31.683730092528197
31.685115558556813
31.68650102458543
31.687886490614044
31.68927195664266
31.690657422671276
31.69204288869989
31.693428354728507
31.694813820757123
31.69619928678574
31.697584752814354
31.69897021884297
31.700355684871585
31.7017411509002
31.703128416750904
31.704515682546035
31.705902948422636
31.70729021429924
31.70867748017584
31.710064746052442
31.711452011929044
31.712839277805646
31.714226543682248
31.71561380955885
31.71700107543545
31.718388341312053
31.719775607188655
31.721162873065257
31.72255013894186
31.72393863718501
31.725327135365497
31.726715633464142
31.728104131562787
31.729492629661433
31.730881127760078
31.732269625858724
31.73365812395737
31.735046622056014
31.73643512015466
31.737823618253305
31.73921211635195
31.740600614450596
31.74198911254924
31.743377610647887
31.744765584927627
31.746153559574694
31.74754153403983
31.748929508638884
31.75031748323794
31.751705457836994
31.75309343243605
31.754481407035104
31.75586938163416
31.757257356233215
31.75864533083227
31.760033305431325
31.76142128003038
31.762809254629435
31.76419722922849
