0.0014003179768234232
0.002800636098527915
0.0042009542085703075
0.005601272257861707
0.00700159024863118
0.008401908358673573
0.009802226407964972
0.011202544398734445
0.012602862508776838
0.014003180558068238
0.015403498548837711
0.016803816658880102
0.0182041347081715
0.019604452698940972
0.021004770808983365
0.022405491466126966
0.023806211866691056
0.025206932287406496
0.02660765289578928
0.02800837350417206
0.029409094112554844
0.030809814720937627
0.03221053532932041
0.03361125593770319
0.035011976546085975
0.03641269715446876
0.03781341776285154
0.039214138371234324
0.040614858979617106
0.04201557958799989
0.043417313012462405
0.04481904646049402
0.046220779863331264
0.04762251309222613
0.04902424646493356
0.05042597996622484
0.0518277131951197
0.05322944656782713
0.054631180069118414
0.05603291329801328
0.05743464667072071
0.05883638017201199
0.06023811340090685
0.06163984677361428
0.06304158027490557
0.06444368793951046
0.06584579561324348
0.06724790338475425
0.06865001112707053
0.07005211886938681
0.07145422661170309
0.07285633435401936
0.07425844209633564
0.07566054983865192
0.0770626575809682
0.07846476532328447
0.07986687306560075
0.08126898080791703
0.08267108855023331
0.08407319629254958
0.08547671991109657
0.08688024368440647
0.0882837671514301
0.0896872908081956
0.09109081446496109
0.09249433812172658
0.09389786177849208
0.09530138543525757
0.09670490909202306
0.09810843274878855
0.09951195640555405
0.10091548006231954
0.10231900371908503
0.10372252737585053
0.10512605103261602
0.10652940896778212
0.1079327670335267
0.10933612501883767
0.11073948324233704
0.1121428414658364
0.11354619968933577
0.11494955791283513
0.1163529161363345
0.11775627435983387
0.11915963258333323
0.1205629908068326
0.12196634903033196
0.12336970725383133
0.12477306547733069
0.12617642370083004
0.12757875902431348
0.12898109451694495
0.13038343000289254
0.13178576542847614
0.13318810085405974
0.13459043627964334
0.13599277170522694
0.13739510713081055
0.13879744255639415
0.14019977798197775
0.14160211340756135
0.14300444883314495
0.14440678425872855
0.14580911968431215
0.14721145510989575
0.14861474418893464
0.15001803330959554
0.15142132237734265
0.15282461142650045
0.15422790047565824
0.15563118952481603
0.15703447857397382
0.1584377676231316
0.1598410566722894
0.1612443457214472
0.16264763477060498
0.16405092381976277
0.16545421286892056
0.16685750191807835
0.16826079096723615
0.16966304871485766
0.1710653065878583
0.17246756462422522
0.17386982242036794
0.17527208021651067
0.1766743380126534
0.17807659580879612
0.17947885360493884
0.18088111140108157
0.1822833691972243
0.18368562699336702
0.18508788478950974
0.18649014258565247
0.1878924003817952
0.18929465817793792
0.19069757927616438
0.1921005001813759
0.19350342112742622
0.19490634207347654
0.19630926301952686
0.1977121839655772
0.1991151049116275
0.20051802585767783
0.20192094680372816
0.20332386774977848
0.2047267886958288
0.20612970964187913
0.20753263058792945
0.20893555153397977
0.2103384724800301
0.2117402759463777
0.21314207945940902
0.21454388281354778
0.21594568624636948
0.21734748967919118
0.21874929311201288
0.22015109654483458
0.2215528999776563
0.222954703410478
0.2243565068432997
0.2257583102761214
0.2271601137089431
0.2285619171417648
0.2299637205745865
0.2313655240074082
0.23276867897644657
0.23417183382578993
0.23557498865757157
0.23697814347352203
0.2383812982894725
0.23978445310542296
0.24118760792137342
0.24259076273732388
0.24399391755327435
0.2453970723692248
0.24680022718517527
0.24820338200112574
0.2496065368170762
0.25100969163302667
0.25241284644897716
0.253814849809825
0.25521685301136876
0.2566188563116339
0.2580208595433305
0.2594228627750271
0.26082486600672367
0.26222686923842026
0.26362887247011685
0.26503087570181344
0.26643287893351003
0.2678348821652066
0.2692368853969032
0.2706388886285998
0.2720408918602964
0.273442895091993
0.2748462227703958
0.2762495503128406
0.2776528779880157
0.27905620554846045
0.2804595331089052
0.28186286066934996
0.2832661882297947
0.28466951579023947
0.2860728433506842
0.287476170911129
0.28887949847157374
0.2902828260320185
0.29168615359246325
0.293089481152908
0.29449280871335276
0.29589722550991604
0.29730164220942357
0.29870605896265484
0.3001104756855237
0.3015148924083925
0.30291930913126136
0.3043237258541302
0.30572814257699904
0.3071325592998679
0.3085369760227367
0.30994139274560556
0.3113458094684744
0.31275022619134324
0.3141546429142121
0.3155590596370809
0.3169626728503016
0.3183662859490568
0.31976989917423054
0.3211735123994043
0.322577125624578
0.32398073884975176
0.3253843520749255
0.32678796530009924
0.328191578525273
0.3295951917504467
0.33099880497562045
0.3324024182007942
0.33380603142596793
0.33520964465114167
0.3366132578763154
0.33801781281701326
0.3394223677825818
0.3408269227204132
0.34223147756139327
0.34363603240237334
0.3450405872433534
0.34644514208433347
0.34784969692531353
0.3492542517662936
0.35065880660727367
0.35206336144825373
0.3534679162892338
0.35487247113021386
0.35627702597119393
0.357681580812174
0.35908594115277226
0.36049030165723644
0.36189466200489034
0.36329902235254424
0.36470338270019814
0.36610774304785204
0.36751210339550594
0.36891646374315984
0.37032082409081374
0.37172518443846764
0.37312954478612154
0.37453390513377544
0.37593826548142933
0.37734262582908323
0.37874698617673713
0.38015160453441427
0.3815562229197558
0.38296084139375314
0.38436545975763275
0.38577007812151237
0.387174696485392
0.3885793148492716
0.3899839332131512
0.39138855157703084
0.39279316994091046
0.3941977883047901
0.3956024066686697
0.3970070250325493
0.3984116433964289
0.39981626176030854
0.40122031949026843
0.4026243773412193
0.404028435057534
0.4054324927738487
0.4068365504901634
0.40824060820647806
0.40964466592279275
0.41104872363910744
0.4124527813554221
0.4138568390717368
0.4152608967880515
0.4166649545043662
0.4180690122206809
0.41947306993699557
0.42087712765331026
0.4222819463240547
0.42368676498656715
0.42509158366151295
0.42649640233645875
0.42790122101140454
0.42930603968635034
0.43071085836129613
0.43211567703624193
0.4335204957111877
0.4349253143861335
0.4363301330610793
0.4377349517360251
0.4391397704109709
0.4405445890859167
0.4419494077608625
0.4433546082052773
0.44475980871311466
0.4461650094102714
0.4475702101074281
0.4489754108045848
0.4503806115017415
0.45178581219889824
0.45319101289605496
0.4545962135932117
0.4560014142903684
0.4574066149875251
0.4588118156846818
0.46021701638183854
0.46162221707899526
0.463027417776152
0.4644321409934754
0.4658368641297278
0.4672415871431739
0.4686463102810626
0.47005103341895127
0.47145575655683997
0.47286047969472866
0.47426520283261736
0.47566992597050606
0.47707464910839475
0.47847937224628345
0.47988409538417215
0.48128881852206085
0.48269354165994954
0.48409826479783824
0.48550157630562485
0.48690488771472523
0.4883081992328751
0.48971151071275876
0.4911148221926424
0.49251813367252606
0.4939214451524097
0.49532475663229336
0.496728068112177
0.49813137959206066
0.4995346910719443
0.500938002551828
0.5023413140317116
0.5037446255115952
0.5051479369914788
0.5065524335529366
0.5079569300705854
0.50936142659744
0.5107659230461732
0.5121704194949064
0.5135749159436396
0.5149794123923728
0.516383908841106
0.5177884052898392
0.5191929017385724
0.5205973981873055
0.5220018946360387
0.5234063910847719
0.5248108875335051
0.5262153839822383
0.5276216576084408
0.5290279312391231
0.5304342050385156
0.5318404787167129
0.5332467523949103
0.5346530260731076
0.536059299751305
0.5374655734295023
0.5388718471076996
0.540278120785897
0.5416843944640943
0.5430906681422917
0.544496941820489
0.5459032154986864
0.5473094891768837
0.5487199503969673
0.5501304115243552
0.551540872541897
0.5529513336445971
0.5543617947472973
0.5557722558499975
0.5571827169526976
0.5585931780553978
0.5600036391580979
0.5614141002607981
0.5628245613634982
0.5642350224661984
0.5656454835688985
0.5670559446715987
0.5684664057742989
0.5698755095550305
0.571284613437823
0.5726937173534494
0.5741028212690759
0.5755119251847023
0.5769210291003287
0.5783301330159552
0.5797392369315816
0.581148340847208
0.5825574447628344
0.5839665486784609
0.5853756525940873
0.5867847565097137
0.5881938604253402
0.5896029643409666
0.5910115312649568
0.5924200984841916
0.5938286656703826
0.5952372328565736
0.5966458000427646
0.5980543672289556
0.5994629344151465
0.6008715016013375
0.6022800687875285
0.6036886359737195
0.6050972031599104
0.6065057703461014
0.6079143375322924
0.6093229047184834
0.6107314719046744
0.6121414394927666
0.6135514070289347
0.6149613747615642
0.6163713424941937
0.6177813102268231
0.6191912779594526
0.6206012456920821
0.6220112134247116
0.623421181157341
0.6248311488899705
0.6262411166226
0.6276510843552294
0.6290610520878589
0.6304710198204884
0.6318809875531178
0.633290924480545
0.6347008614154188
0.636110798211052
0.6375207350066852
0.6389306718023183
0.6403406085979515
0.6417505453935847
0.6431604821892178
0.644570418984851
0.6459803557804842
0.6473902925761174
0.6488002293717505
0.6502101661673837
0.6516201029630169
0.65303003975865
0.6544394964483515
0.6558489531056186
0.65725840960693
0.6586678661082415
0.6600773226095529
0.6614867791108643
0.6628962356121757
0.6643056921134871
0.6657151486147985
0.6671246051161099
0.6685340616174213
0.6699435181187328
0.6713529746200442
0.6727624311213556
0.674171887622667
0.6755816191468941
0.6769913506493173
0.6784010821706745
0.6798108137852279
0.6812205453997813
0.6826302770143347
0.684040008628888
0.6854497402434414
0.6868594718579948
0.6882692034725482
0.6896789350871015
0.6910886667016549
0.6924983983162083
0.6939081299307617
0.695317861545315
0.6967281379266965
0.6981384145623661
0.6995486910696198
0.7009589676856209
0.7023692443016221
0.7037795209176232
0.7051897975336243
0.7066000741496254
0.7080103507656266
0.7094206273816277
0.7108309039976288
0.71224118061363
0.7136514572296311
0.7150617338456322
0.7164720104616333
0.717881548373189
0.7192910864473142
0.7207006246752972
0.7221101629133866
0.7235197010430946
0.7249292391550496
0.726338777393139
0.727748315522847
0.729157853634802
0.7305673918728914
0.7319769300025994
0.7333864681145544
0.7347960063526439
0.7362055444823519
0.7376150825943069
0.7390244375412469
0.7404337923983855
0.7418431473645056
0.7432525023402289
0.7446618573159521
0.7460712122916754
0.7474805672673986
0.7488899222431219
0.7502992772188452
0.7517086321945684
0.7531179871702917
0.7545273421460149
0.7559366971217382
0.7573460520974614
0.7587554070731847
0.760164874099696
0.7615743409879588
0.7629838078404939
0.764393274693029
0.765802741545564
0.7672122083980991
0.7686216752506342
0.7700311421031693
0.7714406089557043
0.7728500758082394
0.7742595426607745
0.7756690095133095
0.7770784763658446
0.7784879432183797
0.7798974100709147
0.7813081934614373
0.7827189766015191
0.7841297595966268
0.785540542686152
0.7869513257756773
0.7883621088652025
0.7897728919547278
0.791183675044253
0.7925944581337783
0.7940052412233035
0.7954160243128288
0.796826807402354
0.7982375904918793
0.7996483735814045
0.8010591566709298
0.8024701230673892
0.8038810894622301
0.8052920558868536
0.8067030223127445
0.8081139887386354
0.8095249551645263
0.8109359215904172
0.812346888016308
0.813757854442199
0.8151688208680898
0.8165797872939807
0.8179907537198716
0.8194017201457625
0.8208126865716534
0.8222236529975443
0.8236320165973813
0.8250403803923042
0.8264487441526588
0.8278571079445471
0.8292654717364355
0.8306738355283239
0.8320821993202122
0.8334905631121006
0.8348989269039889
0.8363072906958773
0.8377156544877656
0.839124018279654
0.8405323820715423
0.8419407458634307
0.8433491096553191
0.8447592027550102
0.8461692956327388
0.8475793885097084
0.848989481386678
0.8503995742636475
0.8518096671406171
0.8532197600175867
0.8546298528945563
0.8560399457715259
0.8574500386484954
0.858860131525465
0.8602702244024346
0.8616803172794042
0.8630904101563738
0.8645005030333434
0.8659099971559799
0.8673194912623295
0.868728985456479
0.8701384796506285
0.871547973844778
0.8729574680389275
0.874366962233077
0.8757764564272265
0.8771859506213759
0.8785954448155254
0.8800049390096749
0.8814144332038244
0.8828239273979739
0.8842334215921234
0.8856429157862729
0.8870518050114186
0.8884606944507688
0.8898695835578599
0.8912784726649511
0.8926873617720422
0.8940962508791334
0.8955051399862245
0.8969140290933156
0.8983229182004068
0.8997318073074979
0.901140696414589
0.9025495855216802
0.9039584746287713
0.9053673637358625
0.9067762528429536
0.9081845537119625
0.909592854459667
0.9110011553024946
0.9124094561453222
0.9138177570834009
0.9152260580214795
0.9166343589595581
0.9180426598976368
0.9194509608357154
0.9208592617737941
0.9222675627118727
0.9236758636499514
0.92508416458803
0.9264924655261086
1.0482925743981761
1.170272739481874
1.2922529047341098
1.414233069938783
1.5362132351434563
1.6581934003481296
1.7801735655528028
1.902153730757476
2.0241338959621493
2.1461140611668226
2.268094226371496
2.390074391576169
2.5120545567808423
2.6340347219855156
2.756014887190189
2.877995052394862
2.9998051895318394
3.121615326583526
3.2434254637421085
3.365235600900691
3.487045738059274
3.6088558752178566
3.7306660123764392
3.852476149535022
3.9742862866936046
4.096096423852187
4.21790656101077
4.339716698169354
4.461526835327937
4.58333697248652
4.705147109645103
4.8269377057015435
4.948728301818143
5.070518897897008
5.19230949395159
5.314100090006171
5.435890686060753
5.557681282115334
5.679471878169916
5.801262474224497
5.923053070279079
6.04484366633366
6.166634262388242
6.2884248584428235
6.410215454497405
6.532006050551987
6.65379533615106
6.775584621736309
6.897373907322046
7.0191631928315585
7.1409524784172955
7.262741763926808
7.384531049512545
7.506320335022058
7.628109620607795
7.749898906117307
7.871688191703044
7.993477477212557
8.115266762798294
8.237056048307807
8.358845333893544
8.480613766675107
8.602382199484563
8.724150632222798
8.845919064961034
8.96768749769927
9.089455930437506
9.211224363175742
9.332992795913977
9.454761228652213
9.576529661390449
9.698298094128685
9.82006652686692
9.941834959605156
10.063603392343392
10.185371825081628
10.30730926695216
10.429246708709663
10.551184150505161
10.673121592428112
10.79505903422361
10.916996476146561
11.03893391794206
11.16087135986501
11.28280880166051
11.40474624358346
11.52668368537896
11.64862112730191
11.770558569097409
11.89249601102036
12.014433452815858
12.136410681503119
12.258387910189805
12.380365138950594
12.502342367711384
12.624319596472173
12.746296825232962
12.868274053993751
12.99025128275454
13.11222851151533
13.234205740276119
13.356182969036908
13.478160197797697
13.600137426558486
13.722114655319276
13.844091884080065
13.966029769942487
14.087967655721757
14.20990554154983
14.33184342733767
14.45378131303233
14.575719199039165
14.697657084827005
14.819594970521665
14.9415328565285
15.06347074231634
15.185408628011
15.307346514017835
15.429284399805676
15.551222285500335
15.67316017150717
15.79503071635363
15.916901261416053
16.03877180640612
16.16064235139619
16.28251289638626
16.404383441376332
16.526253986366402
16.648124531356473
16.769995076346543
16.891865621336613
17.013736166326684
17.135606711316754
17.257477256306824
17.379347801296895
17.501218346286965
17.62308905525479
17.74495976423618
17.866830473158426
17.988701182174662
18.11057189112097
18.232442600043214
18.35431330905945
18.476184018005757
18.598054726928
18.719925435944237
18.841796144890544
18.96366685381279
19.085537562829025
19.207408271775332
19.329278980697577
19.451216493820002
19.573154007063753
19.69509152031954
19.817029033575327
19.938966546831114
20.0609040600869
20.18284157334269
20.304779086598476
20.426716599854263
20.54865411311005
20.670591626365837
20.792529139621625
20.91446665287741
21.0364041661332
21.158341679388986
21.280133166749394
21.40192465408617
21.523716141446997
21.645507628663623
21.76729911602445
21.889090603241076
22.010882090601903
22.13267357781853
22.254465065179357
22.376256552395983
22.49804803975681
22.619839526973436
22.741631014334263
22.86342250155089
22.985213988911717
23.10702328664165
23.22883258450482
23.35064188217518
23.47245117987797
23.594260477580765
23.716069775283557
23.83787907298635
23.959688370689143
24.081497668391936
24.20330696609473
24.325116263797522
24.446925561500315
24.568734859203108
24.6905441569059
24.812353454608694
24.934119723917163
25.055885992898517
25.177652261817414
25.29941853073631
25.421184799655208
25.542951068574105
25.664717337493002
25.7864836064119
25.908249875330796
26.030016144249693
26.15178241316859
26.273548682087487
26.395314951006384
26.51708121992528
26.638847488844178
26.76066150356406
26.882475518156856
27.00428953289915
27.126103547641446
27.24791756238374
27.369731577126036
27.49154559186833
27.613359606610626
27.73517362135292
27.856987636095216
27.97880165083751
28.100615665579806
28.2224296803221
28.344243695064396
28.46605770980669
28.588034979849088
28.710012249644684
28.83198951958874
28.953966789532792
29.075944059476846
29.1979213294209
29.319898599364954
29.44187586930901
29.563853139253062
29.685830409197116
29.80780767914117
29.929784949085224
30.05176221902928
30.173739488973332
30.295716758917386
30.417587285572115
30.539457812239498
30.6613283387361
30.783198865232706
30.90506939172931
31.026939918225914
31.148810444722518
31.27068097121912
31.392551497715726
31.51442202421233
31.636292550708934
31.758163077205538
31.88003360370214
32.001904130198746
32.123774656695346
32.245645228824145
32.36751580109859
32.48938637330186
32.611256945567376
32.73312751783289
32.854998090098405
32.97686866236392
33.098739234629434
33.22060980689495
33.34248037916046
33.46435095142598
33.58622152369149
33.70809209595701
33.82996266822252
33.951833240488035
34.07359968129353
34.19536612207041
34.31713256280012
34.438899003529826
34.560665444259534
34.68243188498924
34.80419832571895
34.92596476644866
35.047731207178366
35.169497647908074
35.29126408863778
35.41303052936749
35.5347969700972
35.656563410826905
35.77832985155661
35.900129988549864
36.021930125626206
36.14373026270255
36.26553039977889
36.38733053685523
36.50913067393157
36.630930811007914
36.752730948084256
36.8745310851606
36.99633122223694
37.11813135931328
37.23993149638962
37.361731633465965
37.48353177054231
37.60533190761865
37.72731265852906
37.849293409206915
37.97127416002994
38.0932549108209
38.21523566164393
38.33721641243489
38.45919716325792
38.58117791404888
38.70315866487191
38.82513941566287
38.947120166485895
39.069100917276856
39.19108166809988
39.313062418890844
39.43504316971387
39.556832154184974
39.678621138709325
39.800410123477526
39.92219910826814
40.04398809303634
40.16577707782695
40.287566062595154
40.409355047385766
40.53114403215397
40.65293301694458
40.77472200171278
40.896510986503394
41.018299971271595
41.14008895606221
41.26187794083041
41.26328480983555
41.26469167857985
41.26609854736886
41.26750541622347
41.26891228507808
41.27031915393269
41.2717260227873
41.27313289164191
41.274539760496516
41.275946629351125
41.277353498205734
41.27876036706034
41.28016723591495
41.28157410476956
41.28298097362417
41.284388131787644
41.285795289956745
41.28720244809365
41.28860960623056
41.290016764367465
41.29142392250437
41.29283108064128
41.294238238778185
41.29564539691509
41.297052555052
41.298459713188905
41.29986687132581
41.30127402946272
41.302681187599624
41.30408834573653
41.305494589254884
41.30690083278327
41.30830707625076
41.309713319718256
41.31111956318575
41.31252580665324
41.313932050120734
41.315338293588226
41.31674453705572
41.31815078052321
41.319557023990704
41.3209632674582
41.32236951092569
41.32377575439318
41.325181997860675
41.32658776075875
41.32799352375366
41.32939928674495
41.33080504973624
41.33221081272753
41.33361657571882
41.33502233871011
41.3364281017014
41.33783386469269
41.33923962768398
41.34064539067527
41.34205115366656
41.34345691665785
41.34486267964914
41.346264914244934
41.347667400978025
41.34906988762797
41.350472374300274
41.35187486088744
41.35327734747461
41.35467983406178
41.356082320648945
41.35748480723611
41.35888729382328
41.36028978041045
41.361692266997615
41.36309475358478
41.36449724017195
41.36589972675912
41.367302213346285
41.36870428130493
41.370106349141096
41.371508416981015
41.37291048469668
41.37431255241235
41.375714620128015
41.37711668784368
41.37851875555935
41.379920823275015
41.38132289099068
41.38272495870635
41.384127026422014
41.38552909413768
41.38693116185335
41.388333229569014
41.38973612744593
41.391139025276985
41.39254192292216
41.3939448206587
41.39534771839524
41.39675061613178
41.39815351386832
41.39955641160486
41.4009593093414
41.40236220707794
41.40376510481448
41.40516800255102
41.40657090028756
41.4079737980241
41.40937669576064
41.41077574580316
41.41217479583987
41.41357384598277
41.41497289614061
41.416371946218874
41.41777099649348
41.419170046651324
41.42056909672959
41.42196814700419
41.42336719716204
41.4247662472403
41.426165297514906
41.42756434767275
41.42896339775101
41.43036244802562
41.431762317196586
41.43316218655294
41.434562055712654
41.43596192499652
41.437361794280385
41.43876166356425
41.440161532848116
41.44156140213198
41.44296127141585
41.44436114069971
41.44576100998358
41.44716087926744
41.44856074855131
41.449960617835174
41.45136048711904
41.45275687093388
41.45415325483247
41.455549638697846
41.45694602256322
41.4583424064286
41.459738790293976
41.46113517415935
41.46253155802473
41.463927941890105
41.46532432575548
41.46672070962086
41.468117093486235
41.46951347735161
41.47090986121699
41.472306245082365
41.473704289471144
41.475102334055734
41.47650037842265
41.477898422789565
41.47929646715648
41.480694511523396
41.48209255589031
41.48349060025723
41.48488864462414
41.48628668899106
41.48768473335797
41.48908277772489
41.490480822091804
41.49187886645872
41.493276910825635
41.49467491867042
41.496072926707036
41.49747093468116
41.498868942713926
41.50026695074669
41.50166495877946
41.50306296681222
41.50446097484499
41.505858982877754
41.50725699091052
41.508654998943285
41.51005300697605
41.51145101500882
41.51284902304158
41.51424703107435
41.51564277256774
41.51703851407488
41.51843425557314
41.5198299970714
41.521225738569655
41.52262148006791
41.52401722156617
41.525412963064426
41.52680870456268
41.52820444606094
41.5296001875592
41.530995929057454
41.53239167055571
41.53378741205397
41.535183153552225
41.536579115270655
41.53797507712272
41.539371038838574
41.54076700055443
41.54216296227029
41.54355892398615
41.544954885702005
41.54635084741786
41.54774680913372
41.54914277084958
41.550538732565435
41.55193469428129
41.55333065599715
41.55472661771301
41.556122579428866
41.557518667413575
41.55891475568974
41.56031084390529
41.56170693212084
41.56310302033639
41.56449910855194
41.56589519676749
41.56729128498304
41.56868737319859
41.57008346141414
41.57147954962969
41.57287563784524
41.57427172606079
41.57566781427634
41.57706390249189
41.57846057333167
41.57985724448385
41.58125391547752
41.58265058650088
41.58404725738583
41.58544392825594
41.58684059924961
41.58823727024328
41.58963394131599
41.59103061220094
41.592427283071046
41.59382395406472
41.59522062505839
41.59661729613109
41.598013967016044
41.599410852914104
41.600807738791765
41.60220462464478
41.60360151071527
41.60499839678577
41.60639528285626
41.60779216892676
41.60918905499725
41.61058594106775
41.61198282713824
41.61337971320874
41.61477659927923
41.61617348534973
41.61757037142022
41.618967257490716
41.62036395387168
41.62176065016907
41.62315734624381
41.62455404243327
41.62595073877463
41.62734743484936
41.62874413103882
41.63014082738018
41.63153752345492
41.632934219644376
41.634330915985736
41.63572761206047
41.63712430824993
41.63852100459129
41.639917700666025
41.64131411027189
41.64271051989927
41.644106929524845
41.64550333898794
41.64689974845104
41.64829615791414
41.64969256737724
41.651088976840335
41.65248538630343
41.65388179576653
41.65527820522963
41.656674614692726
41.658071024155824
41.65946743361892
41.66086384308202
41.66226288266333
41.66366192227555
41.665060961865684
41.66646000145582
41.66785904104595
41.669258080636084
41.67065712022622
41.67205615981635
41.67345519940648
41.674854238996616
41.67625327858675
41.67765231817688
41.679051357767015
41.68045039735715
41.68184943694728
41.68324624803452
41.68464305898596
41.68603987024166
41.68743668149735
41.68883349275305
41.69023030400874
41.69162711526444
41.693023926520134
41.69442073777583
41.695817549031524
41.69721436028722
41.698611171542915
41.70000798279861
41.701404794054305
41.70280160531
41.70419736194275
41.70559311870589
41.70698887534134
41.70838463188249
41.70978038842364
41.71117614496479
41.71257190150594
41.71396765804709
41.71536341458824
41.71675917112939
41.71815492767054
41.71955068421169
41.72094644075284
41.72234219729399
41.72373795383514
41.72513687512182
41.72653579625111
41.72793471778038
41.729333639309644
41.73073256083891
41.732131482368175
41.73353040389744
41.734929325426705
41.73632824695597
41.737727168485236
41.7391260900145
41.74052501154377
41.74192393307303
41.7433228546023
41.74472177613156
41.74611875261037
41.747515729099746
41.74891270549224
41.75030968195167
41.7517066584111
41.753103634870534
41.754500611329966
41.7558975877894
41.75729456424883
41.75869154070826
41.760088517167695
41.76148549362713
41.76288247008656
41.76427944654599
41.765676423005424
41.7670747376587
41.768473052203824
41.76987136673402
41.77126968126422
41.77266799579442
41.77406631032462
41.77546462485482
41.77686293938502
41.77826125391522
41.77965956844542
41.78105788297562
41.782456197505816
41.783854512036015
41.785252826566214
41.786651141096414
41.78804796658438
41.789444792423026
41.79084161813082
41.79223844383861
41.79363526954641
41.7950320952542
41.79642892096199
41.79782574666979
41.79922257237758
41.800619398085374
41.80201622379317
41.80341304950096
41.804809875208754
41.80620670091655
41.80760352662434
41.80900002077707
41.810396514728325
41.81179300888236
41.8131895030364
41.814585997190434
41.81598249134447
41.81737898549851
41.818775479652544
41.82017197380658
41.82156846796062
41.82296496211465
41.82436145626869
41.82575795042273
41.82715444457676
41.8285509387308
41.82994873769567
41.831346536675554
41.83274433581913
41.834142134977604
41.83553993413608
41.836937733294555
41.83833553245303
41.839733331611505
41.84113113076998
41.842528929928456
41.84392672908693
41.845324528245406
41.84672232740388
41.84812012656236
41.84951792572083
41.85091661915842
41.85231531271955
41.85371400622572
41.8551126997319
41.85651139323807
41.85791008674425
41.85930878025042
41.8607074737566
41.86210616726277
41.86350486076895
41.864903554275124
41.8663022477813
41.867700941287474
41.86909963479365
41.870498328299824
41.87189664178388
41.87329495532802
41.874693268740614
41.876091582276985
41.877489895813355
41.878888209349725
41.880286522886095
41.881684836422465
41.883083149958836
41.884481463495206
41.885879777031576
41.887278090567946
41.88867640410432
41.89007471764069
41.89147303117706
