0.0013986122066381658
0.002797224511729308
0.0013986122066381658
0.002797224511729308
0.004195836777182385
0.005594449166403797
0.006993061450513713
0.00839167371596679
0.0097902861051882
0.011188898389298117
0.012587510654751194
0.013986123043972605
0.015384735328082521
0.0167833475935356
0.018181959982757012
0.01958057226686693
0.020979184532320005
0.02237822975606339
0.023777274974662733
0.025176320068044565
0.02657536512285193
0.027974410177659295
0.02937345523246666
0.030772500287274025
0.03217154534208139
0.03357059039688875
0.03496963545169611
0.03636868050650347
0.03776772556131083
0.039166770616118195
0.040565815670925556
0.04196486072573292
0.043364994137371736
0.04476512735732861
0.046165260683780476
0.04756539407163713
0.04896552736934736
0.05036566083719187
0.051765794225048525
0.053165927522758755
0.054566060990603266
0.05596619437845992
0.05736632767617015
0.05876646114401466
0.060166594531871315
0.061566727829581544
0.06296686129742605
0.06436739656786843
0.06576793172716591
0.0671684671393608
0.06856900236215349
0.06996953758494619
0.07137007280773888
0.07277060803053158
0.07417114325332427
0.07557167847611697
0.07697221369890966
0.07837274892170236
0.07977328414449505
0.08117381936728775
0.08257435459008045
0.08397488981287314
0.08537694595740121
0.08677900199308972
0.0881810581043323
0.08958311439430955
0.0909851706842868
0.09238722697426405
0.0937892832642413
0.09519133955421855
0.0965933958441958
0.09799545213417304
0.0993975084241503
0.10079956471412754
0.10220162100410479
0.10360367729408204
0.10500573358405929
0.10640761190386022
0.10780949017271628
0.10921136854593982
0.11061324683281241
0.112015125119685
0.1134170034065576
0.11481888169343019
0.11622075998030278
0.11762263826717537
0.11902451655404796
0.12042639484092055
0.12182827312779314
0.12323015141466573
0.12463202970153832
0.1260339079884109
0.12743468795107127
0.1288354678768921
0.13023624801446898
0.13163702808823163
0.1330378081619943
0.13443858823575694
0.1358393683095196
0.13724014838328225
0.1386409284570449
0.14004170853080755
0.1414424886045702
0.14284326867833286
0.1442440487520955
0.14564482882585816
0.14704560889962082
0.1484474130250256
0.14984921711658825
0.15125102127186763
0.1526528253826858
0.15405462949350396
0.15545643360432213
0.1568582377151403
0.15826004182595846
0.15966184593677663
0.1610636500475948
0.16246545415841296
0.16386725826923113
0.1652690623800493
0.16667086649086746
0.16807267060168563
0.16947336706349972
0.17087406383261594
0.1722747605844954
0.17367545713148916
0.17507615367848292
0.17647685022547668
0.17787754677247045
0.1792782433194642
0.18067893986645797
0.18207963641345173
0.1834803329604455
0.18488102950743926
0.18628172605443302
0.18768242260142678
0.18908311914842055
0.19048452818576667
0.19188593704962578
0.1932873457741611
0.19468875448361267
0.19609016319306424
0.19749157190251582
0.1988929806119674
0.20029438932141896
0.20169579803087054
0.2030972067403221
0.20449861544977369
0.20590002415922526
0.20730143286867683
0.2087028415781284
0.21010425028757998
0.2115044587207046
0.21290466724187296
0.21430487572957227
0.21570508421356957
0.21710529269756687
0.21850550118156417
0.21990570966556147
0.22130591814955877
0.22270612663355607
0.22410633511755337
0.22550654360155067
0.22690675208554797
0.22830696056954528
0.22970716905354258
0.23110737753753988
0.2325090376129631
0.2339106977335344
0.23531235765599431
0.23671401762028438
0.23811567758457444
0.2395173375488645
0.24091899751315457
0.24232065747744463
0.2437223174417347
0.24512397740602476
0.24652563737031483
0.2479272973346049
0.24932895729889495
0.250730617263185
0.2521322772274751
0.2535327003217739
0.25493312326345896
0.25633354628689886
0.2577339692631888
0.25913439223947876
0.2605348152157687
0.26193523819205866
0.2633356611683486
0.26473608414463856
0.2661365071209285
0.26753693009721846
0.2689373530735084
0.27033777604979836
0.2717381990260883
0.27313862200237826
0.27454046768225127
0.275942313373722
0.2773441589849586
0.27874600465074334
0.28014785031652806
0.2815496959823128
0.2829515416480975
0.2843533873138822
0.28575523297966693
0.28715707864545165
0.28855892431123636
0.2899607699770211
0.2913626156428058
0.2927644613085905
0.29416630697437524
0.2955693227867639
0.29697233850704186
0.29837535422213096
0.29977837012316555
0.3011813860242001
0.3025844019252346
0.30398741782626915
0.3053904337273037
0.3067934496283382
0.30819646552937274
0.3095994814304073
0.3110024973314418
0.31240551323247634
0.31380852913351087
0.3152115450345454
0.316613697294201
0.31801584975708597
0.3194180022962516
0.32082015483541726
0.3222223073745829
0.32362445991374855
0.3250266124529142
0.32642876499207985
0.3278309175312455
0.32923307007041114
0.3306352226095768
0.33203737514874243
0.3334395276879081
0.3348416802270737
0.33624383276623937
0.337646996933669
0.3390501612337867
0.34045332558388086
0.34185649009679026
0.34325965460969965
0.34466281912260904
0.34606598363551844
0.34746914814842783
0.3488723126613372
0.3502754771742466
0.351678641687156
0.3530818062000654
0.3544849707129748
0.3558881352258842
0.3572912997387936
0.3586942549075768
0.3600972102775766
0.361500165601114
0.36290312079148657
0.36430607598185916
0.36570903117223175
0.36711198636260434
0.3685149415529769
0.3699178967433495
0.3713208519337221
0.3727238071240947
0.3741267623144673
0.3755297175048399
0.37693267269521247
0.37833562788558506
0.37973886040055943
0.3811420931926455
0.3825453256385693
0.38394855817014417
0.38535179070171904
0.3867550232332939
0.3881582557648688
0.38956148829644366
0.39096472082801853
0.3923679533595934
0.3937711858911683
0.39517441842274315
0.396577650954318
0.3979808834858929
0.39938411601746776
0.4007867460068624
0.40218937600625115
0.4035920059357443
0.4049946358918327
0.40639726584792113
0.40779989580400955
0.40920252576009797
0.4106051557161864
0.4120077856722748
0.4134104156283632
0.41481304558445165
0.41621567554054006
0.4176183054966285
0.4190209354527169
0.4204235654088053
0.42182701330868466
0.42323046112969326
0.4246339089266357
0.4260373567235782
0.42744080452052063
0.4288442523174631
0.43024770011440555
0.431651147911348
0.43305459570829047
0.4344580435052329
0.4358614913021754
0.43726493909911784
0.4386683868960603
0.44007183469300276
0.4414752824899452
0.4428791407687363
0.44428299910291047
0.44568685736184266
0.44709071562077485
0.44849457387970704
0.4498984321386392
0.4513022903975714
0.4527061486565036
0.4541100069154358
0.455513865174368
0.45691772343330017
0.45832158169223236
0.45972543995116455
0.46112929821009674
0.4625331564690289
0.46393650171448975
0.4653398468303596
0.4667431917985556
0.46814653692520874
0.4695498820518619
0.470953227178515
0.47235657230516814
0.4737599174318213
0.4751632625584744
0.47656660768512754
0.4779699528117807
0.4793732979384338
0.48077664306508694
0.48217998819174007
0.4835833333183932
0.4849851616293619
0.4863869901611478
0.4877888185221848
0.489190646842735
0.4905924751632852
0.4919943034838354
0.4933961318043856
0.49479796012493577
0.49619978844548596
0.49760161676603615
0.49900344508658634
0.5004052734071365
0.5018071017276866
0.5032089300482367
0.5046107583687869
0.5060138599041231
0.5074169612826451
0.508820062895388
0.5102231643801457
0.5116262658649035
0.5130293673496612
0.514432468834419
0.5158355703191767
0.5172386718039345
0.5186417732886922
0.52004487477345
0.5214479762582077
0.5228510777429655
0.5242541792277232
0.525657280712481
0.5270622923007
0.528467303948458
0.5298723154759916
0.5312773272419437
0.5326823390078957
0.5340873507738478
0.5354923625397999
0.536897374305752
0.5383023860717041
0.5397073978376562
0.5411124096036083
0.5425174213695604
0.5439224331355125
0.5453274449014646
0.5467324566674167
0.5481418224403057
0.5495511883638848
0.5509605541230026
0.5523699197604598
0.553779285397917
0.5551886510353742
0.5565980166728314
0.5580073823102886
0.5594167479477458
0.560826113585203
0.5622354792226602
0.5636448448601173
0.5650542104975745
0.5664635761350317
0.5678729417724889
0.5692808470462493
0.5706887525031161
0.572096657866973
0.5735045632308298
0.5749124685946866
0.5763203739585434
0.5777282793224002
0.579136184686257
0.5805440900501139
0.5819519954139707
0.5833599007778275
0.5847678061416843
0.5861757115055412
0.587583616869398
0.5889915222332548
0.5903988500907831
0.5918061782896451
0.5932135063642896
0.5946208344389341
0.5960281625135786
0.5974354905882231
0.5988428186628676
0.6002501467375121
0.6016574748121566
0.6030648028868011
0.6044721309614456
0.6058794590360901
0.6072867871107346
0.6086941151853791
0.6101014432600236
0.6115102778142906
0.6129191124777591
0.614327946995714
0.615736781581313
0.6171456161669119
0.6185544507525108
0.6199632853381097
0.6213721199237087
0.6227809545093076
0.6241897890949065
0.6255986236805055
0.6270074582661044
0.6284162928517033
0.6298251274373022
0.6312339620229012
0.632642763605439
0.6340515652187407
0.6354603667350534
0.636869168251366
0.6382779697676786
0.6396867712839912
0.6410955728003038
0.6425043743166164
0.6439131758329291
0.6453219773492417
0.6467307788655543
0.6481395803818669
0.6495483818981795
0.6509571834144922
0.6523659849308048
0.6537742698660666
0.6551825547973688
0.6565908396848128
0.6579991245722568
0.6594074094597009
0.6608156943471449
0.662223979234589
0.663632264122033
0.6650405490094771
0.6664488338969211
0.6678571187843652
0.6692654036718092
0.6706736885592532
0.6720819734466973
0.6734902583341413
0.6748988391284286
0.6763074198189234
0.6777160004698584
0.6791245811523225
0.6805331618347867
0.6819417425172509
0.6833503231997151
0.6847589038821793
0.6861674845646435
0.6875760652471077
0.6889846459295719
0.6903932266120361
0.6918018072945002
0.6932103879769644
0.6946189686594286
0.6960281358140492
0.697437302909561
0.6988464701235442
0.7002556371500569
0.7016648041765696
0.7030739712030823
0.7044831382295951
0.7058923052561078
0.7073014722826205
0.7087106393091333
0.710119806335646
0.7115289733621587
0.7129381403886714
0.7143473074151842
0.7157564744416969
0.7171648469771483
0.7185732195402839
0.7199815921540407
0.7213899647479302
0.7227983372358476
0.7242067098758076
0.7256150824696971
0.7270234549576146
0.7284318275975745
0.729840200191464
0.7312485726793815
0.7326569453193414
0.7340653179132309
0.7354736904011484
0.7368820630411084
0.7382902387690117
0.7396984143602521
0.7411065900054111
0.7425147655870269
0.7439229411686427
0.7453311167502584
0.7467392923318742
0.74814746791349
0.7495556434951057
0.7509638190767215
0.7523719946583373
0.753780170239953
0.7551883458215688
0.7565965214031846
0.7580046969848003
0.7594129927893458
0.7608212887836022
0.7622295848018091
0.763637880820016
0.765046176838223
0.7664544728564299
0.7678627688746368
0.7692710648928437
0.7706793609110506
0.7720876569292575
0.7734959529474644
0.7749042489656713
0.7763125449838782
0.7777208410020852
0.7791291370202921
0.7805388492929272
0.7819485614842625
0.7833582738193751
0.784767986116685
0.7861776984139949
0.7875874107113048
0.7889971230086147
0.7904068353059246
0.7918165476032345
0.7932262599005444
0.7946359721978543
0.7960456844951642
0.7974553967924741
0.798865109089784
0.8002748213870939
0.8016847308146089
0.8030946403357444
0.8045045496758725
0.8059144591036174
0.8073243685313622
0.8087342779591071
0.810144187386852
0.8115540968145969
0.8129640062423418
0.8143739156700867
0.8157838250978315
0.8171937345255764
0.8186036439533213
0.8200135533810662
0.8214234628088111
0.8228305721486003
0.8242376815264617
0.8256447909226903
0.8270519002201251
0.8284590095175599
0.8298661188149947
0.8312732281124295
0.8326803374098644
0.8340874467072992
0.835494556004734
0.8369016653021688
0.8383087745996036
0.8397158838970384
0.8411229931944733
0.8425301024919081
0.8439390721486217
0.8453480418240567
0.8467570114284236
0.8481659810327906
0.8495749506371576
0.8509839202415246
0.8523928898458916
0.8538018594502585
0.8552108290546255
0.8566197986589925
0.8580287682633595
0.8594377378677265
0.8608467074720935
0.8622556770764604
0.8636646466808274
0.8650729720756452
0.8664812974746102
0.8678896230446332
0.8692979486146563
0.8707062741846793
0.8721145997547023
0.8735229253247253
0.8749312508947483
0.8763395764647713
0.8777479020347944
0.8791562276048174
0.8805645531748404
0.8819728787448634
0.8833812043148864
0.8847895298849094
0.886197204616314
0.8876048793181612
0.8890125540812318
0.8904202288443024
0.891827903607373
0.8932355783704435
0.8946432531335141
0.8960509278965847
0.8974586026596553
0.8988662774227258
0.9002739521857964
0.901681626948867
0.9030893017119376
0.9044969764750082
0.9059046512380787
0.9073116926764914
0.9087187342833245
0.9101257757944028
0.9115328173305054
0.9129398590133175
0.9143469006961297
0.9157539423789418
0.917160984061754
0.9185680257445661
0.9199750674273782
0.9213821091101904
0.9227891507930025
0.9241961924758146
0.9256032341586268
1.0429140587575076
1.1603646446588547
1.2778152305239256
1.3952658163048968
1.5127164020858679
1.630166987866839
1.7476175736478101
1.8650681594287812
1.9825187452097524
2.0999693309907235
2.2174199167716946
2.3348705025526657
2.452321088333637
2.569771674114608
2.687222259895579
2.80467284567655
2.922008185369153
3.039343525313842
3.1566788650291873
3.2740142047445326
3.391349544459878
3.5086848841752234
3.6260202238905688
3.743355563605914
3.8606909033212595
3.978026243036605
4.09536158275195
4.212696922467296
4.330032262182641
4.447367601897986
4.564702941613332
4.681955894789081
4.7992088479664945
4.916461801078035
5.0337147543380345
5.150967707598034
5.2682206608580335
5.385473614118033
5.502726567378033
5.619979520638032
5.737232473898032
5.854485427158031
5.971738380418031
6.08899133367803
6.20624428693803
6.323497240198029
6.44074681719255
6.557996394019795
6.6752459709022745
6.792495547724845
6.9097451246073245
7.026994701429895
7.1442442783123745
7.261493855134945
7.3787434320174246
7.495993008839995
7.613242585722475
7.730492162545045
7.847741739427525
7.964991316250095
8.082240893132575
8.199528832948833
8.31681677285422
8.43410471273238
8.551392652610538
8.668680592488696
8.785968532366855
8.903256472245014
9.020544412123172
9.13783235200133
9.25512029187949
9.372408231757648
9.489696171635806
9.606984111513965
9.724272051392123
9.841559991270282
9.958989528612078
10.076419065832672
10.193848603190451
10.311278140402353
10.428707677760132
10.546137214972033
10.663566752329812
10.780996289541713
10.898425826899492
11.015855364111394
11.133284901469173
11.250714438681074
11.368143976038853
11.485573513250754
11.603003050608534
11.720459036656152
11.837915022766058
11.95537100885995
12.072826994953843
12.190282981047735
12.307738967141628
12.42519495323552
12.542650939329413
12.660106925423305
12.777562911517197
12.89501889761109
13.012474883704982
13.129930869798875
13.247386855892767
13.36484284198666
13.482266364027197
13.599689886053747
13.71711340812165
13.83453693027967
13.951960452237623
14.069383974398797
14.186807496556817
14.30423101851477
14.421654540675943
14.539078062833964
14.656501584791917
14.77392510695309
14.89134862911111
15.008772151069063
15.126195673230237
15.24357057199059
15.36094547089779
15.4783203696804
15.595695268463011
15.713070167245622
15.830445066028233
15.947819964810844
16.065194863593454
16.182569762376065
16.299944661158676
16.417319559941287
16.534694458723898
16.65206935750651
16.76944425628912
16.88681915507173
17.00419585390618
17.121572552728203
17.238949251716566
17.356325950680752
17.4737026495656
17.59107934855396
17.708456047518148
17.825832746402995
17.943209445391357
18.060586144355543
18.17796284324039
18.295339542228753
18.41271624119294
18.530092940077786
18.64746963906615
18.76489803617744
18.882326433250718
18.999754830337338
19.117183227423958
19.234611624510578
19.352040021597197
19.469468418683817
19.586896815770437
19.704325212857057
19.821753609943677
19.939182007030297
20.056610404116917
20.174038801203537
20.291467198290157
20.408895595376777
20.52623536999189
20.643575144588734
20.760914919093818
20.878254693671277
20.99559446817636
21.11293424275382
21.230274017258903
21.347613791836363
21.464953566341446
21.582293340918905
21.69963311542399
21.81697289000145
21.934312664506532
22.05165243908399
22.168992213589075
22.286324969419873
22.403657725188527
22.52099048100544
22.638323236828665
22.75565599265189
22.872988748475112
22.990321504298336
23.10765426012156
23.224987015944784
23.342319771768008
23.45965252759123
23.576985283414455
23.69431803923768
23.811650795060903
23.928983550884126
24.046266517867515
24.163549484719038
24.280832451725395
24.398115418731752
24.51539838573811
24.632681352744466
24.749964319750823
24.86724728675718
24.984530253763538
25.101813220769895
25.219096187776252
25.33637915478261
25.453662121788966
25.570945088795323
25.68822805580168
25.805572592744944
25.922917129693253
26.040261666752826
26.1576062038124
26.274950740871972
26.392295277931545
26.509639814991118
26.62698435205069
26.744328889110264
26.861673426169837
26.97901796322941
27.096362500288983
27.213707037348556
27.33105157440813
27.4483961114677
27.565852023321312
27.68330793528225
27.80076384709193
27.918219758901607
28.035675670711285
28.153131582520963
28.27058749433064
28.38804340614032
28.505499317949997
28.622955229759675
28.740411141569354
28.85786705337903
28.97532296518871
29.092778876998388
29.210234788808066
29.327609487900173
29.444984187422136
29.562358886785795
29.679733586149453
29.79710828551311
29.91448298487677
30.03185768424043
30.149232383604087
30.266607082967745
30.383981782331404
30.501356481695062
30.61873118105872
30.73610588042238
30.853480579786037
30.970855279149696
31.088230475050477
31.205605670784053
31.322980866642034
31.440356062494605
31.557731258347175
31.675106454199746
31.792481650052316
31.909856845904887
32.02723204175746
32.14460723761003
32.261982433462606
32.37935762931518
32.496732825167754
32.61410802102033
32.7314832168729
32.84876657872803
32.96604994066367
33.08333330236411
33.20061666406455
33.317900025764985
33.43518338746542
33.55246674916586
33.669750110866296
33.78703347256673
33.90431683426717
34.02160019596761
34.138883557668045
34.25616691936848
34.37345028106892
34.49073364276936
34.60804455336101
34.725355463959964
34.84266637455892
34.95997728515787
35.07728819575682
35.194599106355774
35.31191001695473
35.42922092755368
35.54653183815263
35.663842748751584
35.78115365935054
35.89846456994949
36.01577548054844
36.133086391147394
36.25039730174635
36.367846777826905
36.485296253910384
36.60274572987063
36.72019520593802
36.83764468189826
36.955094157965654
37.072543633925896
37.18999310999329
37.30744258595353
37.42489206202092
37.542341537981166
37.65979101404856
37.7772404900088
37.89468996607619
38.012139442036435
38.12938728131891
38.24663512054137
38.36388295982549
38.48113079902076
38.59837863830488
38.71562647750015
38.83287431678427
38.95012215597954
39.06736999526366
39.18461783445893
39.30186567374305
39.419113512938324
39.53636135222244
39.653609191417715
39.77085703070183
39.77226253222112
39.77366803412154
39.775073535925976
39.776479037780916
39.777884539635856
39.779290041490796
39.780695543345736
39.782101045200676
39.783506547055616
39.784912048910556
39.786317550765496
39.787723052620436
39.789128554475376
39.790534056330316
39.791939558185256
39.7933453710481
39.79475118398652
39.79615699683012
39.79756280967372
39.79896862251732
39.80037443536092
39.80178024820452
39.80318606104812
39.804591873891724
39.805997686735324
39.807403499578925
39.808809312422525
39.810215125266126
39.811620938109726
39.81302675095333
39.81443158041938
39.815836409971354
39.81724123961008
39.8186460692488
39.82005089888752
39.821455728526246
39.82286055816497
39.82426538780369
39.825670217442415
39.82707504708114
39.82847987671986
39.829884706358584
39.83128953599731
39.83269436563603
39.83409919527475
39.835503508088685
39.8369078207996
39.83831213373585
39.83971644667209
39.84112075960834
39.84252507254458
39.84392938548083
39.84533369841707
39.84673801135332
39.84814232428956
39.84954663722581
39.85095095016205
39.852355263098296
39.85375957603454
39.85516024735759
39.85656118955796
39.85796213184944
39.859363074068725
39.86076401652201
39.8621649589753
39.863565901428586
39.864966843881874
39.86636778633516
39.86776872878845
39.869169671241735
39.87057061369502
39.87197155614831
39.8733724986016
39.874773441054884
39.87617438350817
39.87757487615649
39.87897536869041
39.880375861210105
39.881776353947465
39.883176846684826
39.88457733942219
39.88597783215955
39.88737832489691
39.88877881763427
39.89017931037163
39.89157980310899
39.89298029584635
39.89438078858371
39.89578128132107
39.89718177405843
39.89858315808381
39.89998454194583
39.90138592580229
39.90278730944838
39.90418869309447
39.90559007674056
39.90699146038665
39.90839284403274
39.90979422767883
39.91119561132492
39.91259699497101
39.9139983786171
39.91539976226319
39.91680114590928
39.91820252955537
39.91959977887871
39.92099702815807
39.92239427735856
39.923791526589184
39.92518877601228
39.92658602522717
39.92798327445779
39.92938052388088
39.93077777309577
39.93217502232639
39.93357227174948
39.93496952096437
39.936366770194994
39.937764019618086
39.939161268832976
39.94055939874727
39.941957528636586
39.94335565849127
39.94475378836618
39.946151918241085
39.94755004811599
39.9489481779909
39.95034630786581
39.951744437740714
39.95314256761562
39.95454069749053
39.955938827365436
39.957336957240344
39.95873508711525
39.96013321699016
39.96152759832791
39.96292197966849
39.964316360858064
39.96571074204764
39.96710512323722
39.968499504426795
39.96989388561637
39.97128826680595
39.972682647995526
39.9740770291851
39.97547141037468
39.97686579156426
39.978260172753835
39.97965455394341
39.98104893513299
39.9824451028608
39.98384127047383
39.985237438157945
39.98663360584206
39.98802977352617
39.989425941210285
39.9908221088944
39.99221827657851
39.993614444262626
39.99501061194674
39.99640677963085
39.997802947314966
39.99919911499908
40.00059528268319
40.001991450367306
40.003387578815996
40.00478370747162
40.00617983590833
40.00757596440063
40.00897209289293
40.010368221385235
40.01176434987754
40.01316047836984
40.01455660686214
40.015952735354446
40.01734886384675
40.01874499233905
40.020141120831354
40.02153724932366
40.02293337781596
40.02432706752904
40.02572075765228
40.02711444773248
40.02850813781268
40.02990182789288
40.03129551797308
40.03268920805328
40.03408289813348
40.035476588213676
40.036870278293875
40.038263968374075
40.039657658454274
40.041051348534474
40.04244503861467
40.04383872869487
40.04523265560838
40.04662658263364
40.048020509670025
40.04941443670641
40.05080836374279
40.05220229077917
40.05359621781555
40.054990144851935
40.05638407188832
40.0577779989247
40.05917192596108
40.06056585299746
40.061959780033845
40.06335370707023
40.06474763410661
40.066141696936576
40.06753575992176
40.06892982305718
40.070323886192604
40.071717949328026
40.07311201246345
40.07450607559887
40.07590013873429
40.07729420186971
40.078688265005134
40.080082328140556
40.08147639127598
40.0828704544114
40.08426451754682
40.08565858068224
40.08705327119597
40.08844796152284
40.08984265207042
40.09123734263004
40.09263203304984
40.09402672351049
40.09542141399754
40.09681610450715
40.0982107949002
40.09960548532
40.10100017578065
40.1023948662677
40.10378955677731
40.10518424717036
40.10657893759016
40.10797385931102
40.10936878088798
40.11076370245606
40.11215862404347
40.11355354563087
40.11494846721828
40.11634338880568
40.11773831039309
40.11913323198049
40.120528153567896
40.1219230751553
40.123317996742706
40.12471291833011
40.126107839917516
40.12750276150492
40.128897478931655
40.13029219636879
40.13168691394811
40.13308163147605
40.13447634909337
40.135871066672685
40.13726578420063
40.138660501817945
40.14005521939726
40.141449936925206
40.14284465454252
40.14423937212184
40.14563408964978
40.1470288072671
40.148423524846415
40.1498179336491
40.15121234251365
40.15260675153941
40.15400116070377
40.15539556986813
40.156789979032496
40.15818438819686
40.15957879736122
40.16097320652558
40.162367615689945
40.16376202485431
40.16515643401867
40.16655084318303
40.167945252347394
40.169339661511756
40.17073689953623
40.17213413770869
40.17353137585133
40.17492861402379
40.17632585219625
40.17772309036871
40.17912032854117
40.180517566713625
40.181914804886084
40.18331204305854
40.184709281231
40.18610651940346
40.18750375757592
40.18890099574838
40.190298233920835
40.19169307513223
40.19308791645625
40.19448275783031
40.195877599204366
40.19727244057842
40.19866728195248
40.20006212332654
40.2014569647006
40.202851806074655
40.20424664744871
40.20564148882277
40.20703633019683
40.208431171570886
40.209826012944944
40.211220854319
40.21261456078474
40.21400826710783
40.21540197355478
40.21679567981338
40.21818938607198
40.21958309233057
40.22097679858917
40.22237050484777
40.223764211106364
40.22515791736496
40.22655162362356
40.227945329882154
40.22933903614075
40.23073274239935
40.232126448657944
40.23352355961734
40.234920670609355
40.236317781362175
40.237714892114994
40.23911200286781
40.24050911362063
40.24190622437345
40.24330333512627
40.24470044587909
40.24609755663191
40.24749466738473
40.24889177813755
40.25028888889037
40.251685999643186
40.253083110396005
40.254478129565754
40.25587314854011
40.25726816752651
40.25866318668976
40.26005820585301
40.261453225016254
40.2628482441795
40.26424326334275
40.265638282505996
40.267033301669244
40.26842832083249
40.26982333999574
40.271218359158986
40.272613378322234
40.27400839748548
40.27540485561039
40.276801313721805
40.278197771934146
40.279594230146486
40.28099068835883
40.28238714657117
40.28378360478351
40.28518006299585
40.28657652120819
40.28797297942053
40.28936943763287
40.29076589584521
40.29216235405755
40.29355881226989
40.294955270482234
40.29635012733992
40.29774498399371
40.299139840868634
40.30053469774356
40.30192955461848
40.303324411493406
40.30471926836833
40.306114125243255
40.30750898211818
40.3089038389931
40.31029869586803
40.31169355274295
40.313088409617876
40.3144832664928
40.315878123367725
40.31727262317469
40.318667123438594
40.320061623359514
40.321456123280434
40.322850623201354
40.324245123122274
40.325639623043195
40.327034122964115
40.328428622885035
40.329823122805955
40.331217622726875
40.332612122647795
40.334006622568715
40.335401122489635
40.336795622410555
40.33819152632274
40.33958743007299
40.34098333398264
40.34237923779752
40.343775141612404
40.345171045427286
40.34656694924217
40.34796285305705
40.34935875687193
40.35075466068681
40.35215056450169
40.35354646831657
40.354942372131454
40.356338275946335
40.357734179761216
40.35913104539293
40.36052791109242
40.36192477670509
40.36332164231776
40.36471850793043
40.366115373543096
40.367512239155765
40.368909104768434
40.370305970381104
40.37170283599377
40.37309970160644
40.37449656721911
40.37589343283178
40.37729029844445
40.37868716405712
40.380083620974055
40.38148007788584
40.38287653492286
40.38427299189912
40.385669448875376
40.387065905851635
40.388462362827894
40.389858819804154
40.39125527678041
40.39265173375667
40.39404819073293
40.39544464770919
40.39684110468545
40.39823756166171
40.39963401863797
