0.0013997179557303746
0.0027994361925923793
0.0041991543865268965
0.0055988725239814125
0.0069985906614359284
0.008398308798890444
0.00979802693634496
0.011197745073799475
0.012597463211253991
0.013997181348708507
0.015396899486163023
0.01679661762361754
0.018196335761072054
0.019596053898526568
0.020995772035981082
0.02239579305803994
0.02379581396708436
0.025195834997824535
0.02659585602856471
0.027995877059304886
0.029395898090045062
0.030795919120785237
0.03219594015152541
0.033595961182265585
0.03499598221300576
0.036396003243745936
0.03779602427448611
0.03919604530522629
0.04059606633596646
0.04199608736670664
0.043396863466788484
0.04479763948119815
0.04619841549069625
0.04759919150019434
0.04899996750969244
0.050400743519190536
0.05180151952868863
0.05320229553818673
0.054603071547684824
0.05600384755718292
0.057404623566681016
0.05880539957617911
0.06020617558567721
0.061606951595175305
0.0630077276046734
0.06440878108626608
0.06580983431662694
0.06721088778847081
0.06861194126031468
0.07001299473215855
0.07141404820400242
0.07281510167584629
0.07421615514769016
0.07561720861953403
0.0770182620913779
0.07841931556322176
0.07982036903506563
0.0812214225069095
0.08262247597875337
0.08402352945059724
0.08542563466109654
0.08682773978048366
0.08822984504644424
0.08963195022884766
0.09103405541125109
0.09243616059365452
0.09383826577605794
0.09524037095846137
0.0966424761408648
0.09804458132326822
0.09944668650567165
0.10084879168807508
0.1022508968704785
0.10365300205288193
0.10505510723528536
0.1064570892263897
0.1078590712276946
0.10926105326392592
0.11066303530015724
0.11206501733638856
0.11346699937261988
0.1148689814088512
0.11627096344508252
0.11767294548131384
0.11907492751754516
0.12047690955377648
0.1218788915900078
0.12328087362623912
0.12468285566247043
0.12608483769870177
0.12748605983835554
0.12888728213184017
0.13028850449116444
0.13168972662854178
0.13309094889896075
0.13449217125828503
0.13589339339566237
0.13729461566608134
0.1386958380254056
0.14009706016278295
0.14149828243320192
0.1428995047925262
0.14430072692990353
0.1457019492003225
0.14710317155964678
0.14850510217100255
0.14990703276374226
0.15130896327865562
0.1527108938868733
0.154112824495091
0.1555147551033087
0.1569166857115264
0.1583186163197441
0.15972054692796178
0.16112247753617948
0.16252440814439717
0.16392633875261486
0.16532826936083256
0.16673019996905025
0.16813213057726795
0.1695332952479102
0.17093445989386402
0.17233562459420085
0.17373678929453767
0.1751379539948745
0.17653911869521133
0.17794028339554815
0.17934144809588498
0.1807426127962218
0.18214377749655863
0.18354494219689546
0.1849461068972323
0.18634727159756911
0.18774843629790594
0.18914960099824277
0.19055125815880997
0.19195291538462725
0.19335457255271513
0.19475622970480513
0.19615788685689514
0.19755954400898515
0.19896120116107516
0.20036285831316517
0.20176451546525517
0.20316617261734518
0.2045678297694352
0.2059694869215252
0.2073711440736152
0.2087728012257052
0.21017445837779522
0.211575286030002
0.21297611380440873
0.21437694171460117
0.21577776962479361
0.21717859753498606
0.2185794254451785
0.21998025335537094
0.22138108126556338
0.22278190917575583
0.22418273708594827
0.2255835649961407
0.22698439290633315
0.2283852208165256
0.22978604872671804
0.23118687663691048
0.23258870754557895
0.23399053835989517
0.23539236923570075
0.23679420011150634
0.23819603098731193
0.23959786186311752
0.2409996927389231
0.2424015236147287
0.24380335449053428
0.24520518536633987
0.24660701624214545
0.24800884711795104
0.24941067799375663
0.25081250886956225
0.25221433974536783
0.2536153157102772
0.2550162915550156
0.25641726750990523
0.25781824342937876
0.25921921952662963
0.26062019548151927
0.2620211714009928
0.26342214749824366
0.2648231234531333
0.2662240993726068
0.2676250754698577
0.26902605142474734
0.27042702734422086
0.27182800344147173
0.27322897939636137
0.2746309389320455
0.2760328982532737
0.2774348575403969
0.27883681682752004
0.2802387761146432
0.2816407354017664
0.28304269468888954
0.2844446539760127
0.2858466132631359
0.28724857255025904
0.2886505318373822
0.2900524911245054
0.29145445041162854
0.2928564096987517
0.2942583689858749
0.2956611397570407
0.29706391063810184
0.29846668142183097
0.2998694522055601
0.30127222298928924
0.3026749937730184
0.3040777645567475
0.30548053534047664
0.3068833061242058
0.3082860769079349
0.30968884769166405
0.3110916184753932
0.3124943892591223
0.31389716004285145
0.3152999308265806
0.31670210263333004
0.3181042744415566
0.31950644628809266
0.32090861813462873
0.3223107899811648
0.3237129618277009
0.32511513367423694
0.326517305520773
0.3279194773673091
0.32932164921384516
0.33072382106038123
0.3321259929069173
0.33352816475345337
0.33493033659998944
0.3363325084465255
0.33773538244851303
0.3391382562647043
0.3405411300178284
0.34194400384831586
0.34334687767880334
0.3447497515092908
0.3461526253397783
0.3475554991702658
0.3489583730007533
0.35036124683124076
0.35176412066172824
0.3531669944922157
0.3545698683227032
0.3559727421531907
0.3573756159836782
0.35877834470060205
0.36018107337363153
0.3615838021790551
0.3629865309844787
0.3643892597899023
0.36579198859532586
0.36719471740074944
0.368597446206173
0.3700001750115966
0.3714029038170202
0.37280563262244376
0.37420836142786734
0.3756110902332909
0.3770138190387145
0.3784165478441381
0.37981946912510667
0.3812223902864327
0.3826253114986034
0.38402823249633333
0.38543115349406326
0.3868340744917932
0.3882369954895231
0.38963991648725305
0.391042837484983
0.3924457584827129
0.39384867948044283
0.39525160047817276
0.3966545214759027
0.3980574424736326
0.39946036347136255
0.40086286642970886
0.40226536949075087
0.40366787236520946
0.40507037523966805
0.40647287811412663
0.4078753809885852
0.4092778838630438
0.4106803867375024
0.412082889611961
0.4134853924864196
0.41488789536087817
0.41629039823533676
0.41769290110979534
0.41909540398425393
0.4204979068587125
0.4219009778941384
0.42330404872042005
0.4247071195004527
0.42611019028048536
0.427513261060518
0.42891633184055067
0.4303194026205833
0.431722473400616
0.43312554418064864
0.4345286149606813
0.43593168574071395
0.4373347565207466
0.43873782730077926
0.4401408980808119
0.44154396886084457
0.4429473253098696
0.44435068159548446
0.44575403776410805
0.44715739393273163
0.4485607501013552
0.4499641062699788
0.4513674624386024
0.45277081860722596
0.45417417477584954
0.4555775309444731
0.4569808871130967
0.4583842432817203
0.45978759945034386
0.46119095561896745
0.46259431178759103
0.46399731119563675
0.46540031053182607
0.46680330984272145
0.4682063092746298
0.46960930861272215
0.47101230792361753
0.4724153073555259
0.47381830669361824
0.4752213060045136
0.476624305436422
0.47802730477451433
0.4794303040854097
0.48083330351731807
0.4822363028554104
0.4836393021663058
0.4850412494532883
0.48644319679491244
0.4878451441093837
0.4892470914865897
0.4906490388637957
0.4920509862410017
0.4934529336182077
0.4948548809954137
0.4962568283726197
0.4976587757498257
0.4990607231270317
0.5004626705042378
0.5018646178814438
0.5032665652586498
0.5046685126358558
0.5060713427995318
0.5074741732331206
0.5088770033741341
0.5102798335700262
0.5116826639297608
0.5130854942739963
0.5144883244698883
0.515891154829623
0.5172939851738585
0.5186968153697505
0.5200996457294852
0.5215024760737207
0.5229053062696127
0.5243081366293474
0.5257109669735829
0.5271151266533114
0.528519286312389
0.5299234458660642
0.5313276054197394
0.5327317649734147
0.5341359245270899
0.5355400840807651
0.5369442436344404
0.5383484031881156
0.5397525627417908
0.5411567222954661
0.5425608818491413
0.5439650414028165
0.5453692009564918
0.546773360510167
0.5481868727376071
0.5496003846816597
0.5510138968620347
0.5524274090424097
0.5538409212227847
0.5552544334031597
0.5566679455835347
0.5580814577639097
0.5594949699442847
0.5609084821246597
0.5623219943050347
0.5637355064854097
0.5651490186657847
0.5665625308461597
0.5679760430265347
0.5693885345018393
0.5708010259008162
0.5722135173516157
0.5736260088024153
0.5750385002532149
0.5764509917040145
0.5778634831548141
0.5792759746056136
0.5806884660564132
0.5821009575072128
0.5835134489580124
0.584925940408812
0.5863384318596115
0.5877509233104111
0.5891634147612107
0.5905755035136158
0.5919875922887203
0.5933996810780902
0.59481176986746
0.5962238586568298
0.5976359474461996
0.5990480362355695
0.6004601250249393
0.6018722138143091
0.6032843026036789
0.6046963913930488
0.6061084801824186
0.6075205689717884
0.6089326577611582
0.6103447465505281
0.611757887144293
0.61317102762589
0.6145841682290037
0.6159973088321175
0.6174104494352312
0.6188235900383449
0.6202367306414586
0.6216498712445723
0.623063011847686
0.6244761524507997
0.6258892930539134
0.6273024336570271
0.6287155742601408
0.6301287148632545
0.6315418554663682
0.6329549730411486
0.6343680905840043
0.6357812080291465
0.6371943254739758
0.6386074428799324
0.6400205603250746
0.6414336777699039
0.6428467951758605
0.6442599126210027
0.645673030065832
0.6470861474717886
0.6484992649169308
0.6499123823617601
0.6513254997677167
0.6527386172128589
0.6541513736209255
0.655564129945861
0.6569768860942078
0.6583896422425546
0.6598023983909014
0.6612151545392482
0.662627910687595
0.6640406668359418
0.6654534229842886
0.6668661791326354
0.6682789352809821
0.6696916914293289
0.6711044475776757
0.6725172037260225
0.6739299598743693
0.675342923043267
0.676755886130239
0.67816884905612
0.679581811982001
0.680994774907882
0.682407737833763
0.683820700759644
0.685233663685525
0.686646626611406
0.688059589537287
0.689472552463168
0.690885515389049
0.69229847831493
0.693711441240811
0.695124404166692
0.6965377771889295
0.6979511503168501
0.699364523402794
0.7007778964887379
0.7021912695746818
0.7036046426606257
0.7050180157465696
0.7064313888325136
0.7078447619184575
0.7092581350044014
0.7106715080903453
0.7120848811762892
0.7134982542622331
0.714911627348177
0.716325000434121
0.7177378179683497
0.7191506355938393
0.7205634531880286
0.7219762707822179
0.7233890883764073
0.7248019059705966
0.7262147235647859
0.7276275411589752
0.7290403587531645
0.7304531763473538
0.7318659939415432
0.7332788115357325
0.7346916291299218
0.7361044467241111
0.7375172643183004
0.7389299444583066
0.7403426243518262
0.7417553044656711
0.7431679845795159
0.7445806646933608
0.7459933448072057
0.7474060249210506
0.7488187050348954
0.7502313851487403
0.7516440652625852
0.7530567453764301
0.754469425490275
0.7558821056041198
0.7572947857179647
0.7587074658318096
0.7601202299831888
0.7615329940467749
0.7629457581792513
0.7643585223117276
0.765771286444204
0.7671840505766804
0.7685968147091568
0.7700095788416331
0.7714223429741095
0.7728351071065859
0.7742478712390622
0.7756606353715386
0.777073399504015
0.7784861636364914
0.7798989277689677
0.781312682629213
0.7827264373949476
0.7841401922165984
0.7855539470382491
0.7869677018598998
0.7883814566815506
0.7897952115032013
0.791208966324852
0.7926227211465028
0.7940364759681535
0.7954502307898043
0.796863985611455
0.7982777404331057
0.7996914952547565
0.8011052500764072
0.8025191431544875
0.8039330362399759
0.805346929321254
0.806760822402532
0.80817471548381
0.8095886085650881
0.8110025016463661
0.8124163947276442
0.8138302878089222
0.8152441808902002
0.8166580739714783
0.8180719670527563
0.8194858601340343
0.8208997532153124
0.8223136462965904
0.8237255828420073
0.8251375192293985
0.8265494557345084
0.8279613922396184
0.8293733287447284
0.8307852652498383
0.8321972017549483
0.8336091382600582
0.8350210747651682
0.8364330112702781
0.8378449477753881
0.839256884280498
0.840668820785608
0.842080757290718
0.8434926937958279
0.8449059288352462
0.8463191638376384
0.8477323989001583
0.8491456339626782
0.8505588690251981
0.851972104087718
0.8533853391502378
0.8547985742127577
0.8562118092752776
0.8576250443377975
0.8590382794003174
0.8604515144628373
0.8618647495253572
0.8632779845878771
0.864691219650397
0.8661040043141525
0.8675167890121239
0.8689295738244124
0.8703423586367008
0.8717551434489893
0.8731679282612778
0.8745807130735662
0.8759934978858547
0.8774062826981431
0.8788190675104316
0.88023185232272
0.8816446371350085
0.883057421947297
0.8844702067595854
0.8858829915718739
0.8872953218625861
0.8887076523132146
0.8901199826731854
0.8915323130331562
0.892944643393127
0.8943569737530978
0.8957693041130685
0.8971816344730393
0.8985939648330101
0.9000062951929809
0.9014186255529517
0.9028309559129225
0.9042432862728933
0.9056556166328641
0.9070679469928349
0.9084798360812645
0.9098917252275809
0.9113036143942426
0.9127155035609043
0.9141273927275659
0.9155392818942276
0.9169511710608893
0.918363060227551
0.9197749493942127
0.9211868385608744
0.922598727727536
0.9240106168941977
0.9254225060608594
0.9268343952275211
1.0442458254085527
1.1613687892209315
1.2784917530903925
1.3956147168730104
1.5127376806556283
1.6298606444382462
1.746983608220864
1.864106572003482
1.9812295357860998
2.0983524995687177
2.2154754633513356
2.3325984271339535
2.4497213909165714
2.5668443546991893
2.683967318481807
2.801090282264425
2.9186314335569428
3.036172585067148
3.1537137365087164
3.2712548878263927
3.388796039267961
3.5063371905856373
3.6238783420272056
3.741419493344882
3.85896064478645
3.9765017961041265
4.094042947545695
4.211584098863371
4.32912525030494
4.446666401622616
4.564207553064184
4.681195044818583
4.798182536633298
4.915170028274648
5.0321575200488855
5.149145011823123
5.26613250359736
5.383119995371597
5.500107487145835
5.617094978920072
5.734082470694309
5.8510699624685465
5.968057454242784
6.085044946017021
6.202032437791258
6.319019929565496
6.435989028295521
6.552958126925823
6.669927225517234
6.786896324108644
6.903865422700055
7.020834521291466
7.1378036198828765
7.254772718474287
7.371741817065698
7.488710915657109
7.605680014248519
7.72264911283993
7.839618211431341
7.956587310022751
8.073556408614161
8.191033598775679
8.308510788982916
8.425987979393778
8.543465169576267
8.660942359987128
8.778419550169618
8.89589674058048
9.013373930762969
9.13085112117383
9.24832831135632
9.36580550176718
9.48328269194967
9.600759882360531
9.71823707254302
9.835714262953882
9.953010814339985
10.070307365637596
10.18760391699349
10.304900468349384
10.422197019705278
10.539493571061172
10.656790122417066
10.77408667377296
10.891383225128854
11.008679776484747
11.125976327840641
11.243272879196535
11.36056943055243
11.477865981908323
11.595162533264217
11.712356865072541
11.82955119670569
11.94674552829638
12.063939859887071
12.181134191477762
12.298328523068452
12.415522854659143
12.532717186249833
12.649911517840524
12.767105849431214
12.884300181021905
13.001494512612595
13.118688844203286
13.235883175793976
13.353077507384667
13.470318064273695
13.587558621254617
13.704799178304082
13.822039735353547
13.939280292403012
14.056520849452477
14.173761406501942
14.291001963551407
14.408242520600872
14.525483077650337
14.642723634699802
14.759964191749267
14.877204748798732
14.994445305848197
15.111685862897662
15.229066080021717
15.346446297386484
15.46382651449997
15.581206731613458
15.698586948726945
15.815967165840432
15.933347382953919
16.050727600067404
16.16810781718089
16.285488034294374
16.40286825140786
16.520248468521345
16.63762868563483
16.755008902748315
16.8723891198618
16.989783637386132
17.107178154911384
17.22457267241867
17.341967189925956
17.459361707433242
17.576756224940528
17.694150742447814
17.8115452599551
17.928939777462386
18.04633429496967
18.163728812476958
18.281123329984243
18.39851784749153
18.515912364998815
18.6333068825061
18.750592925919157
18.867878969103227
18.985165012550485
19.102451055997744
19.219737099445002
19.33702314289226
19.45430918633952
19.571595229786777
19.688881273234035
19.806167316681293
19.92345336012855
20.04073940357581
20.158025447023068
20.275311490470326
20.392597533917584
20.510333807164653
20.62807008032023
20.74580635348034
20.86354262664045
20.981278899800557
21.099015172960666
21.216751446120774
21.334487719280883
21.45222399244099
21.5699602656011
21.68769653876121
21.805432811921317
21.923169085081426
22.040905358241535
22.158641631401643
22.27616728407475
22.393692936834707
22.511218589534046
22.628744242294005
22.746269894993343
22.863795547753302
22.98132120045264
23.0988468532126
23.216372505911938
23.333898158671897
23.451423811371235
23.568949464131194
23.686475116830533
23.80400076959049
23.92152642228983
24.038978376436003
24.156430330403616
24.27388228437123
24.391334238338843
24.508786192306456
24.62623814627407
24.743690100241682
24.861142054209296
24.97859400817691
25.096045962144522
25.213497916112136
25.33094987007975
25.448401824047362
25.565853778014976
25.68330573198259
25.800894613008243
25.918483494028823
26.03607237517309
26.15366125631736
26.271250137461628
26.388839018605896
26.506427899750165
26.624016780894433
26.7416056620387
26.85919454318297
26.976783424327238
27.094372305471506
27.211961186615774
27.329550067760042
27.44713894890431
27.564332291465252
27.681525634154344
27.798718977001133
27.915912319749854
28.033105662596643
28.150299005345364
28.267492348192153
28.384685690940874
28.501879033787663
28.619072376536383
28.736265719383173
28.853459062131893
28.970652404978683
29.087845747727403
29.205039090574193
29.322417723642932
29.439796356787507
29.557174989853053
29.674553622918598
29.791932255984143
29.90931088904969
30.026689522115234
30.14406815518078
30.261446788246325
30.37882542131187
30.496204054377415
30.61358268744296
30.730961320508506
30.84833995357405
30.965718586639596
31.083101161752765
31.200483737003072
31.317866312096122
31.43524888718917
31.55263146228222
31.67001403737527
31.78739661246832
31.90477918756137
32.02216176265442
32.13954433774747
32.25692691284053
32.37430948793358
32.49169206302663
32.60907463811969
32.72645721321274
32.843911173701
32.961365134082094
33.078819094463185
33.196273054844276
33.31372701522537
33.43118097560646
33.54863493598755
33.66608889636864
33.78354285674973
33.900996817130824
34.018450777511916
34.13590473789301
34.2533586982741
34.37081265865519
34.48826661903628
34.60567856272356
34.72309050625825
34.84050244980337
34.95791439334848
35.075326336893596
35.19273828043871
35.310150223983825
35.42756216752894
35.544974111074055
35.66238605461917
35.779797998164284
35.8972099417094
36.01462188525451
36.13203382879963
36.24944577234474
36.36655422403904
36.483662675611235
36.60077112715643
36.71787957870162
36.83498803024681
36.952096481792005
37.0692049333372
37.18631338488239
37.30342183642758
37.420530287972774
37.537638739517966
37.65474719106316
37.77318463867147
37.8916220864067
38.01005953402435
38.12834375942385
38.24662798461443
38.364912209805006
38.483196434995584
38.60148066018616
38.72112183063489
38.845081419901035
38.96904100914415
39.0930005982199
39.216960187295655
39.34322029687108
39.469480399818664
39.59574050275177
39.72200060568487
39.84826070861797
39.849671527151266
39.85108234568669
39.85249316442167
39.85390398315664
39.855314801891616
39.85672562062659
39.858136439361566
39.85954725809654
39.860958076831515
39.86236889556649
39.863779714301465
39.86519053303644
39.866601351771415
39.86801217050639
39.869422989241365
39.87083402388484
39.87224505822265
39.87365609264719
39.87506712707172
39.87647816149626
39.877889195920794
39.87930023034533
39.880711264769864
39.8821222991944
39.883533333618935
39.88494436804347
39.886355402468006
39.88776643689254
39.889177471317076
39.89058850574161
39.89199885795563
39.89340921021217
39.8948195623626
39.89622991451303
39.89764026666346
39.89905061881389
39.90046097096432
39.90187132311475
39.90328167526518
39.90469202741561
39.906102379566036
39.907512731716466
39.908923083866895
39.910333436017325
39.911743788167755
39.913153782553636
39.914563777126325
39.91597377152241
39.917383765918494
39.91879376031458
39.92020375471066
39.92161374910675
39.92302374350283
39.924433737898916
39.925843732295
39.927253726691085
39.92866372108717
39.93007371548325
39.93148370987934
39.93288485716823
39.9342861915239
39.9356875259882
39.93708886047287
39.93849019495754
39.93989152944221
39.941292863926876
39.942694198411544
39.94409553289621
39.94549686738088
39.94689820186555
39.94829953635022
39.94970087083489
39.95110220531956
39.952503539804226
39.953904874288895
39.95530589795847
39.95670692179877
39.95810794577049
39.95950896974222
39.96090999371394
39.962311017685664
39.96371204165739
39.96511306562911
39.966514089600835
39.96791511357256
39.96931613754428
39.970717161516006
39.97211818548773
39.973519209459454
39.97492023343118
39.97632187323898
39.977723512928364
39.97912515271455
39.980526792476084
39.981928432237616
39.98333007199915
39.98473171176068
39.98613335152221
39.987534991283745
39.98893663104528
39.99033827080681
39.99173991056834
39.993141550329874
39.994543190091406
39.99594482985294
39.9973435929727
39.998742355928435
40.000141119225354
40.00153988252227
40.00293864581919
40.00433740911611
40.00573617241303
40.00713493570995
40.00853369900687
40.00993246230379
40.011331225600706
40.012729988897625
40.014128752194544
40.01552751549146
40.01692627878838
40.01832565950851
40.0197250402159
40.02112442076734
40.02252380131878
40.023923181870224
40.025322562421664
40.026721942973104
40.028121323524545
40.029520704075985
40.030920084627425
40.032319465178865
40.033718845730306
40.035118226281746
40.036517606833186
40.03791698738463
40.039313724010775
40.040710460704425
40.04210719754976
40.0435039343951
40.044900671240434
40.04629740808577
40.04769414493111
40.04909088177644
40.05048761862178
40.05188435546712
40.05328109231245
40.05467782915779
40.056074566003126
40.05747130284846
40.0588680396938
40.06026604017317
40.06166404065563
40.06306204118742
40.064460041719215
40.06585804225101
40.0672560427828
40.068654043314595
40.07005204384639
40.07145004437818
40.072848044909975
40.07424604544177
40.07564404597356
40.077042046505355
40.07844004703715
40.07983804756894
40.081236020475174
40.08263399319863
40.084031965969146
40.085429938739665
40.086827911510184
40.0882258842807
40.08962385705122
40.09102182982174
40.09241980259226
40.09381777536278
40.0952157481333
40.09661372090382
40.09801169367434
40.099409666444856
40.100807639215375
40.10220388289688
40.10360012647669
40.104996369836115
40.10639261319554
40.10778885655496
40.109185099914384
40.11058134327381
40.11197758663323
40.11337382999265
40.11477007335208
40.1161663167115
40.11756256007092
40.118958803430345
40.12035504678977
40.12175129014919
40.12314770257412
40.12454411528516
40.12594052801155
40.127336940698214
40.128733353436374
40.130129766174534
40.131526178912694
40.13292259165085
40.13431900438901
40.13571541712717
40.13711182986533
40.13850824260349
40.13990465534165
40.14130106807981
40.14269748081797
40.14409399047436
40.145490500165096
40.146887009872124
40.14828351957915
40.14968002928618
40.15107653899321
40.15247304870024
40.153869558407266
40.155266068114294
40.15666257782132
40.15805908752835
40.15945559723538
40.16085210694241
40.162248616649435
40.163645126356464
40.165042083644245
40.166439040874934
40.16783599807076
40.169232955360435
40.170629912650114
40.17202686993979
40.17342382722947
40.17482078451915
40.17621774180883
40.177614699098505
40.179011656388184
40.18040861367786
40.18180557096754
40.18320252825722
40.1845994855469
40.18599660764856
40.187393729645414
40.18879085166727
40.19018797368913
40.191585095710984
40.19298221773284
40.1943793397547
40.19577646177655
40.19717358379841
40.198570705820266
40.19996782784212
40.20136494986398
40.202762071885836
40.20415919390769
40.20555631592955
40.206953292608304
40.2083502691234
40.20974724596023
40.21114422279706
40.21254119963389
40.21393817647072
40.21533515330755
40.21673213014438
40.21812910698121
40.21952608381804
40.22092306065487
40.2223200374917
40.22371701432853
40.22511399116536
40.22651096800219
40.227907724585776
40.22930448118582
40.230701237710136
40.23209799423445
40.233494750758766
40.23489150728308
40.236288263807396
40.23768502033171
40.239081776856025
40.24047853338034
40.241875289904655
40.24327204642897
40.244668802953285
40.2460655594776
40.247462316001915
40.24886107123443
40.250259826530694
40.251658581590206
40.25305733664972
40.25445609170923
40.25585484676874
40.25725360182825
40.258652356887765
40.26005111194728
40.26144986700679
40.2628486220663
40.26424737712581
40.265646132185324
40.267044887244836
40.26844364230435
40.26984070711044
40.27123777191675
40.27263483691027
40.27403190197713
40.27542896685134
40.27682603163168
40.278223096625496
40.279620161619015
40.281017226685876
40.28241429156008
40.28381135634042
40.28520842133424
40.28660548632776
40.28800255139462
40.289399616268824
40.29079587146035
40.29219212686677
40.293588382231206
40.29498463759564
40.29638089296007
40.297777148324506
40.29917340368894
40.30056965905337
40.301965914417806
40.30336216978224
40.30475842514667
40.306154680511106
40.30755093587554
40.30894719123997
40.310343446604406
40.31174211186879
40.313140777323255
40.31453944258513
40.315938107847
40.31733677310888
40.31873543837075
40.320134103632626
40.3215327688945
40.322931434156374
40.32433009941825
40.32572876468012
40.327127429941996
40.32852609520387
40.329924760465744
40.33132342572762
40.33272061643554
40.334117807267695
40.33551499811117
40.33691218895465
40.338309379798126
40.3397065706416
40.34110376148508
40.34250095232856
40.343898143172034
40.34529533401551
40.34669252485899
40.348089715702464
40.34948690654594
40.35088409738942
40.352281288232895
40.353679493402396
40.35507769882394
40.35647590401818
40.357874109212425
40.35927231440667
40.36067051960091
40.36206872479515
40.36346692998939
40.364865135183635
40.36626334037788
40.36766154557212
40.36905975076636
40.3704579559606
40.371856161154845
40.37325436634909
40.37465144221504
40.3760485181369
40.37744559420937
40.37884267028184
40.38023974635431
40.381636822426785
40.38303389849926
40.38443097457173
40.3858280506442
40.38722512671667
40.38862220278914
40.390019278861615
40.39141635493409
40.39281343100656
40.39421050707903
40.395607328450815
40.39700414984428
40.39840097116781
40.39979779249134
40.40119461381487
40.402591435138405
40.403988256461936
40.40538507778547
40.406781899109
40.40817872043253
40.40957554175606
40.410972363079594
40.412369184403126
40.41376600572666
40.41516282705019
40.41656064138133
40.41795845588804
40.419356270375154
40.42075408474497
40.42215189911479
40.423549713484604
40.42494752785442
40.42634534222424
40.427743156594055
40.42914097096387
40.43053878533369
40.431936599703505
40.43333441407332
40.43473222844314
40.436130042812955
40.43752853544893
40.438927028091335
40.44032552065545
40.44172401321956
40.44312250578368
40.44452099834779
40.445919490911905
40.44731798347602
40.44871647604013
40.45011496860425
40.45151346116836
40.452911953732475
40.45431044629659
40.4557089388607
40.45710743142482
40.458505635682336
40.45990383997208
40.46130204435826
40.46270024867908
40.4640984530908
40.46549665747698
40.4668948617978
40.46829306620952
40.4696912705957
40.47108947491652
40.47248767932824
40.47388588371442
40.47528408803524
40.47668229244696
40.478080496833144
