0.0013737960471287072
0.002747592209461482
0.0013737960471287072
0.002747592209461482
0.004121388371079034
0.005495184308368475
0.006868980504563766
0.008242776680780668
0.00961657261807011
0.0109903688142654
0.012364164990482302
0.013737960927771744
0.015111757123967035
0.016485553300183937
0.017859349237473378
0.01923314543366867
0.020606941609885573
0.021981550331685248
0.023356159101666045
0.024730767753382895
0.026105376580113637
0.027479985406844376
0.028854594233575115
0.030229203060305854
0.03160381188703659
0.03297842071376733
0.03435302954049807
0.03572763836722881
0.03710224719395955
0.03847685602069029
0.039851464847421025
0.041226073674151764
0.04260277304087064
0.04397947210351115
0.045356171264613436
0.04673287030145962
0.0481095692698215
0.04948626835001389
0.050862967386860074
0.05223966635522196
0.05361636543541435
0.05499306447226053
0.05636976344062242
0.057746462520814806
0.05912316155766099
0.060499860526022874
0.06187655960621526
0.06325403182457494
0.06463150376435765
0.06600897592209456
0.06738644792537543
0.0687639199286563
0.07014139193193716
0.07151886393521803
0.0728963359384989
0.07427380794177976
0.07565127994506063
0.0770287519483415
0.07840622395162236
0.07978369595490323
0.0811611679581841
0.08253863996146496
0.083919026431306
0.08529941260476141
0.08667979865403266
0.08806018470054981
0.08944057074706696
0.09082095679358411
0.09220134284010126
0.0935817288866184
0.09496211493313556
0.0963425009796527
0.09772288702616985
0.099103273072687
0.10048365911920415
0.1018640451657213
0.10324443121223845
0.10462447627896762
0.10600452166520516
0.10738456687048754
0.10876461219005128
0.11014465750961501
0.11152470282917874
0.11290474814874248
0.11428479346830621
0.11566483878786994
0.11704488410743367
0.11842492942699741
0.11980497474656114
0.12118502006612487
0.1225650653856886
0.12394511070525234
0.1253230511218803
0.12670099178718489
0.12807893232515485
0.12945687305052686
0.13083481377589887
0.13221275450127087
0.13359069522664288
0.1349686359520149
0.1363465766773869
0.1377245174027589
0.1391024581281309
0.1404803988535029
0.14185833957887492
0.14323628030424693
0.14461422102961893
0.14599412424068384
0.14737402727915339
0.14875393027988681
0.15013383352369664
0.15151373676750646
0.15289364001131628
0.1542735432551261
0.15565344649893592
0.15703334974274574
0.15841325298655556
0.15979315623036539
0.1611730594741752
0.16255296271798503
0.16393286596179485
0.16531276920560467
0.16669055012231615
0.1680683309843241
0.16944611189047354
0.17082389278357624
0.17220167394148125
0.17357945509938627
0.1749572362572913
0.1763350174151963
0.17771279857310132
0.17909057973100634
0.18046836088891136
0.18184614204681637
0.1832239232047214
0.1846017043626264
0.18597948552053142
0.18735863097319186
0.1887377764825858
0.1901169218317944
0.191496067181003
0.19287521253021161
0.19425435787942022
0.19563350322862882
0.19701264857783743
0.19839179392704603
0.19977093927625464
0.20115008462546324
0.20252922997467185
0.20390837532388045
0.20528752067308906
0.20666666602229766
0.20804350985489053
0.20942035375516607
0.21079719768401678
0.21217404171085133
0.21355088573768588
0.21492772976452043
0.21630457379135498
0.21768141781818953
0.21905826184502408
0.22043510587185863
0.22181194989869318
0.22318879392552773
0.22456563795236228
0.22594248197919684
0.22731932600603139
0.22869895299819504
0.23007857991105635
0.23145820671416548
0.2328378335172746
0.23421746032038374
0.23559708712349287
0.236976713926602
0.23835634072971112
0.23973596753282025
0.24111559433592938
0.2424952211390385
0.24387484794214764
0.24525447474525677
0.2466341015483659
0.24801372835147503
0.24939098530900605
0.2507682422775588
0.25214549937337916
0.2535227564021949
0.25490001343101065
0.2562772704598264
0.25765452748864215
0.2590317845174579
0.26040904154627365
0.2617862985750894
0.26316355560390514
0.2645408126327209
0.26591806966153664
0.2672953266903524
0.26867258371916813
0.27005256654465115
0.27143254903103714
0.2728125315012914
0.27419251394781224
0.27557249639433307
0.2769524788408539
0.2783324612873747
0.27971244373389553
0.28109242618041635
0.2824724086269372
0.283852391073458
0.2852323735199788
0.28661235596649964
0.28799233841302047
0.2893723208595413
0.29075454788798055
0.2921367747499341
0.29351900146658344
0.29490122826813275
0.29628345506968207
0.2976656818712314
0.2990479086727807
0.30043013547433
0.3018123622758793
0.30319458907742863
0.30457681587897795
0.30595904268052726
0.3073412694820766
0.3087234962836259
0.3101057230851752
0.3114862936254164
0.3128668642895933
0.3142474348848557
0.31562800548011805
0.3170085760753804
0.3183891466706428
0.31976971726590514
0.3211502878611675
0.32253085845642987
0.32391142905169223
0.3252919996469546
0.32667257024221696
0.32805314083747933
0.3294337114327417
0.33081428202800406
0.3321967936814641
0.33357930513235284
0.3349618168009066
0.3363443283826044
0.33772683996430225
0.3391093515460001
0.3404918631276979
0.34187437470939575
0.3432568862910936
0.3446393978727914
0.34602190945448924
0.34740442103618707
0.3487869326178849
0.35016944419958274
0.35155195578128057
0.3529340660814134
0.3543161766612704
0.35569828715245516
0.35708039769632327
0.3584625082401914
0.3598446187840595
0.3612267293279276
0.3626088398717957
0.3639909504156638
0.3653730609595319
0.36675517150340003
0.36813728204726814
0.36951939259113625
0.37090150313500436
0.37228361367887247
0.3736662564977096
0.37504889905482397
0.37643154141196
0.3778141837839508
0.37919682615594164
0.38057946852793245
0.38196211089992327
0.3833447532719141
0.3847273956439049
0.3861100380158957
0.38749268038788653
0.38887532275987735
0.39025796513186817
0.391640607503859
0.3930232498758498
0.39440473639280305
0.3957862229379903
0.3971677092495372
0.39854919571263225
0.3999306821757273
0.40131216863882235
0.4026936551019174
0.40407514156501245
0.4054566280281075
0.40683811449120255
0.4082196009542976
0.40960108741739265
0.4109825738804877
0.41236406034358275
0.4137455468066778
0.4151286025529264
0.4165116583011267
0.4178947142943074
0.41927777016639645
0.4206608260384855
0.4220438819105745
0.42342693778266355
0.4248099936547526
0.4261930495268416
0.42757610539893065
0.4289591612710197
0.4303422171431087
0.43172527301519775
0.4331083288872868
0.4344913847593758
0.4358752285899912
0.4372590725092716
0.43864291638661823
0.44002676017585557
0.4414106039650929
0.44279444775433024
0.4441782915435676
0.4455621353328049
0.44694597912204226
0.4483298229112796
0.44971366670051693
0.45109751048975427
0.4524813542789916
0.45386519806822895
0.4552490418574663
0.4566319004484363
0.4580147590763523
0.45939761764878684
0.46078047621975843
0.46216333479073
0.4635461933617016
0.4649290519326732
0.4663119105036448
0.4676947690746164
0.46907762764558797
0.47046048621655956
0.47184334478753115
0.47322620335850274
0.47460906192947433
0.4759919205004459
0.47737186982971896
0.47875181938178824
0.4801317688652073
0.48151171838478485
0.4828916679043624
0.4842716174239399
0.48565156694351747
0.487031516463095
0.48841146598267254
0.4897914155022501
0.4911713650218276
0.49255131454140516
0.4939312640609827
0.49531121358056024
0.4966911631001378
0.4980735544500077
0.4994559458899337
0.5008383371289998
0.5022207285557124
0.503603119982425
0.5049855114091376
0.5063679028358502
0.5077502942625628
0.5091326856892754
0.510515077115988
0.5118974685427006
0.5132798599694132
0.5146622513961258
0.5160446428228384
0.5174270342495509
0.5188130942055518
0.5201991540902697
0.5215852136597232
0.5229712732049384
0.5243573327501536
0.5257433922953688
0.527129451840584
0.5285155113857992
0.5299015709310144
0.5312876304762296
0.5326736900214448
0.53405974956666
0.5354458091118752
0.5368318686570904
0.5382179282023056
0.5396134528894325
0.5410089774518213
0.5424045022082795
0.5438000265868047
0.5451955509653299
0.5465910753438551
0.5479865997223803
0.5493821241009055
0.5507776484794307
0.5521731728579559
0.553568697236481
0.5549642216150062
0.5563597459935314
0.5577552703720566
0.5591507947505818
0.5605435090419553
0.5619362236213932
0.5633289381224803
0.5647216525300397
0.5661143669375991
0.5675070813451585
0.5688997957527179
0.5702925101602773
0.5716852245678367
0.573077938975396
0.5744706533829554
0.5758633677905148
0.5772560821980742
0.5786487966056336
0.580041511013193
0.5814331153438428
0.582824719766659
0.5842163240214232
0.5856079283847007
0.5869995327148738
0.5883911369696381
0.5897827413329155
0.5911743456630887
0.5925659499178529
0.5939575542811304
0.5953491586113036
0.5967407628660678
0.5981323672293453
0.5995239715595184
0.6009155758142827
0.6023100781020762
0.6037045803762514
0.605099082748381
0.6064935848004105
0.60788808685244
0.6092825889044695
0.610677090956499
0.6120715930085285
0.613466095060558
0.6148605971125876
0.6162550991646171
0.6176496012166466
0.6190441032686761
0.6204386053207056
0.6218331073727351
0.623227545990507
0.6246219845483696
0.6260164232610058
0.627410861973642
0.6288053006862783
0.6301997393989145
0.6315941781115507
0.632988616824187
0.6343830555368232
0.6357774942494594
0.6371719329620956
0.6385663716747318
0.6399608103873681
0.6413552491000043
0.6427496878126405
0.6441431319717729
0.6455365765493029
0.6469300208538055
0.6483234651583081
0.6497169094628107
0.6511103537673133
0.6525037980718159
0.6538972423763185
0.6552906866808211
0.6566841309853237
0.6580775752898264
0.659471019594329
0.6608644638988316
0.6622579082033342
0.6636513525078368
0.6650453661958304
0.6664393799178172
0.6678333935648608
0.6692274071107628
0.6706214206566647
0.6720154342025667
0.6734094477484687
0.6748034612943706
0.6761974748402726
0.6775914883861746
0.6789855019320765
0.6803795154779785
0.6817735290238804
0.6831675425697824
0.6845615561156844
0.6859566984982469
0.6873518407174124
0.6887469830181436
0.6901421254265282
0.6915372678349128
0.6929324102432973
0.6943275526516819
0.6957226950600665
0.697117837468451
0.6985129798768356
0.6999081222852201
0.7013032646936047
0.7026984071019893
0.7040935495103738
0.7054886919187584
0.7068823049232942
0.7082759178486066
0.7096695308189542
0.7110631438461295
0.7124567568733047
0.713850369867895
0.7152439828950702
0.7166375959222454
0.7180312089168357
0.7194248219440109
0.7208184349711861
0.7222120479657764
0.7236056609929516
0.7249992740201269
0.7263928870147172
0.727786121070577
0.7291793553116892
0.7305725894789207
0.7319658235652092
0.7333590576514978
0.7347522917377863
0.7361455258240749
0.7375387599103634
0.738931993996652
0.7403252280829405
0.7417184621692291
0.7431116962555177
0.7445049303418062
0.7458981644280948
0.7472913985143833
0.7486848643611876
0.7500783298252856
0.751471795577919
0.7528652614377461
0.7542587272975733
0.7556521931574004
0.7570456590172275
0.7584391248770547
0.7598325907368818
0.7612260565967089
0.7626195224565361
0.7640129883163632
0.7654064541761904
0.7667999200360175
0.7681933858958446
0.7695895777461881
0.7709857695659188
0.7723819614460077
0.7737781532896946
0.7751743451333815
0.7765705369770683
0.7779667288207552
0.7793629206644421
0.780759112508129
0.7821553043518159
0.7835514961955028
0.7849476880391897
0.7863438798828766
0.7877400717265635
0.7891362635702504
0.7905328354241279
0.791929407043679
0.7933259788142883
0.7947225505848977
0.7961191223555071
0.7975156941261164
0.7989122658967258
0.8003088376673352
0.8017054094379445
0.8031019812085539
0.8044985529791633
0.8058951247497727
0.807291696520382
0.8086882682909914
0.8100848400616008
0.8114760241262793
0.8128672082982682
0.8142583923751666
0.8156495765772687
0.8170407607793707
0.8184319449814728
0.8198231291835748
0.8212143133856769
0.8226054975877789
0.823996681789881
0.825387865991983
0.826779050194085
0.8281702343961871
0.8295614185982891
0.8309526028003912
0.8323473648672715
0.8337421267376254
0.8351368884884047
0.8365316503790383
0.8379264122696719
0.8393211741603055
0.8407159360509391
0.8421106979415727
0.8435054598322063
0.8449002217228399
0.8462949836134734
0.847689745504107
0.8490845073947406
0.8504792692853742
0.8518740311760078
0.8532675534117781
0.854661075694486
0.8560545978343009
0.8574481199741159
0.8588416421139308
0.8602351642537457
0.8616286863935606
0.8630222085333755
0.8644157306731904
0.8658092528130054
0.8672027749528203
0.8685962970926352
0.8699898192324501
0.871383341372265
0.87277686351208
0.8741691339633538
0.8755614046567487
0.8769536754332826
0.878345946168247
0.8797382169032114
0.8811304876381758
0.8825227583731402
0.8839150291081046
0.885307299843069
0.8866995705780334
0.8880918413129978
0.8894841120479622
0.8908763827829266
0.892268653517891
0.8936609242528554
0.8950519781112312
0.8964430318208679
0.8978340856029325
0.8992251393586027
0.9006161932411538
0.902007247123705
0.9033983010062561
0.9047893548888072
0.9061804087713583
0.9075714626539094
0.9089625165364605
0.9103535704190117
0.9117446243015628
0.9131356781841139
0.9504381211232427
0.9866046227596366
1.0227711242230124
1.0589376256976037
1.095104127172195
1.1312706286467864
1.1674371301213777
1.203603631595969
1.2397701330705604
1.2759366345451517
1.312103136019743
1.3482696374943344
1.3844361389689257
1.420602640443517
1.4567691419181084
1.4929356433926997
1.5309157819063361
1.56889592062543
1.6068760593017188
1.6448561979780076
1.6828363366542964
1.7208164753305852
1.758796614006874
1.7967767526831628
1.8347568913594516
1.8727370300357404
1.9107171687120292
1.948697307388318
1.9866774460646068
2.0246575847408956
2.0626377234171844
2.0975663548233983
2.1324949861828717
2.167423617542345
2.2023522489308074
2.2372808803192696
2.272209511707732
2.307138143096194
2.3420667744846564
2.3769954058731186
2.411924037261581
2.446852668650043
2.4817813000385054
2.5167099314269676
2.55163856281543
2.586567194203892
2.6214015253137943
2.6562358564202624
2.691070187678721
2.7259045188101236
2.760738850068582
2.795573181199985
2.8304075124584434
2.865241843589846
2.9000761748483046
2.9349105059797074
2.969744837238166
3.0045791683695686
3.039413499628027
3.07424783075943
3.1090821620178883
3.1466986569182818
3.1843151519450585
3.221931646937978
3.2595481419308974
3.297164636923817
3.334781131916736
3.3723976269096556
3.410014121902575
3.4476306168954944
3.485247111888414
3.5228636068813333
3.5604801018742527
3.598096596867172
3.6357130918600915
3.673329586853011
3.7103607529517952
3.7473919189782317
3.784423085197236
3.8214542511872756
3.8584854174062797
3.8955165833963195
3.9325477496153236
3.9695789156053634
4.006610081824367
4.043641247814407
4.080672414033411
4.117703580023451
4.154734746242455
4.191765912232495
4.228797078451499
4.265334270360601
4.301871462261698
4.338408654081087
4.374945845900477
4.411483037719867
4.448020229539257
4.484557421358646
4.521094613178036
4.557631804997426
4.594168996816816
4.630706188636205
4.667243380455595
4.703780572274985
4.7403177640943746
4.776854955913764
4.813598210770554
4.8503414657140995
4.887084720582101
4.923827975632571
4.96057123044446
4.99731448536377
5.03405774041424
5.070800995226128
5.1075442501454384
5.1442875051959085
5.181030760007797
5.217774014927107
5.254517269977577
5.2912605247894655
5.328003779708776
5.3652971269840855
5.402590474354736
5.439883821675877
5.4771771689970175
5.514470516318158
5.551763863639299
5.58905721096044
5.6263505582815805
5.663643905602721
5.700937252923862
5.738230600245003
5.7755239475661435
5.812817294887284
5.850110642208425
5.887403989529566
5.9247704459961215
5.962136902493553
5.999503359019067
6.03686981567633
6.0742362722182195
6.111602728743733
6.148969185400997
6.186335641942886
6.2237020984684
6.2610685551256635
6.298435011667553
6.3358014681930666
6.37316792485033
6.410534381392219
6.447900837917733
6.484878412268614
6.521855986546275
6.558833560832438
6.595811135118601
6.632788709404764
6.669766283690927
6.70674385797709
6.743721432263253
6.7806990065494155
6.817676580835578
6.854654155121741
6.891631729407904
6.928609303694067
6.96558687798023
7.002564452266393
7.0414608142060695
7.08035717592449
7.119253537721211
7.158149899433459
7.19704626123018
7.235942622942428
7.274838984739149
7.313735346451397
7.352631708248118
7.391528069960366
7.4304244317570864
7.469320793469334
7.508217155266055
7.547113516978303
7.586009878775024
7.623909517665283
7.661809156472728
7.6997087952498235
7.737608433948652
7.77550807264748
7.813407711346309
7.851307350045137
7.8892069887439655
7.927106627442794
7.965006266141622
8.002905904840452
8.04080554353928
8.078705182238108
8.116604820936937
8.154504459635765
8.191989566367244
8.229474673221022
8.266959779974458
8.304444886727895
8.341929993481331
8.379415100234768
8.416900206988204
8.454385313741641
8.491870420495077
8.529355527248514
8.56684063400195
8.604325740755387
8.641810847508824
8.67929595426226
8.716781061015697
8.755012291243887
8.793243521751354
8.831474752399455
8.869705983047556
8.907937213695657
8.946168444343758
8.98439967499186
9.02263090563996
9.060862136288062
9.099093366936163
9.137324597584264
9.175555828232365
9.213787058880467
9.252018289528568
9.290249520176669
9.326781637002654
9.363313753743869
9.399845870520478
9.436377987297087
9.472910104073696
9.509442220850305
9.545974337626914
9.582506454403523
9.619038571180132
9.655570687956741
9.69210280473335
9.72863492150996
9.765167038286569
9.801699155063178
9.838231271839787
9.875516519976932
9.912801768083893
9.950087016143252
9.98737226420261
10.02465751226197
10.061942760321328
10.099228008380686
10.136513256440045
10.173798504499404
10.211083752558762
10.248369000618121
10.28565424867748
10.322939496736838
10.360224744796197
10.397509992855555
10.434815395913233
10.472120798999537
10.50942620210781
10.546731605250189
10.584037008392567
10.621342411534945
10.658647814677323
10.695953217819701
10.73325862096208
10.770564024104457
10.807869427246835
10.845174830389213
10.882480233531592
10.91978563667397
10.957091039816348
10.994586587648982
11.032082135509915
11.06957768325477
11.107073230999626
11.144568778744482
11.182064326489337
11.219559874234193
11.257055421979048
11.294550969723904
11.33204651746876
11.369542065213615
11.40703761295847
11.444533160703326
11.482028708448182
11.519524256193037
11.556829361831621
11.594134467612825
11.63143957339403
11.668744679175234
11.706049784956438
11.743354890737642
11.780659996518846
11.81796510230005
11.855270208081254
11.892575313862459
11.929880419643663
11.967185525424867
12.004490631206071
12.041795736987275
12.07910084276848
12.115191610290793
12.151282377646213
12.187373144991112
12.223463912229676
12.259554679574574
12.295645446813138
12.331736214158036
12.3678269813966
12.403917748741499
12.440008515980063
12.476099283324961
12.512190050563525
12.548280817908424
12.584371585146988
12.620462352491886
12.655230734984604
12.689999117314752
12.724767499698403
12.759535881964613
12.794304264348265
12.829072646614474
12.863841028998126
12.898609411264335
12.933377793647987
12.968146175914196
13.002914558297848
13.037682940564057
13.072451322947709
13.107219705213918
13.14198808759757
13.143376184054963
13.144764280724992
13.14615237759727
13.14754047439217
13.148928571187069
13.150316667981969
13.151704764776868
13.153092861571768
13.154480958366667
13.155869055161567
13.157257151956467
13.158645248751366
13.160033345546266
13.161421442341165
13.162809539136065
13.164198233303775
13.165586927042627
13.166975620956018
13.168364314856346
13.169753008756674
13.171141702657001
13.17253039655733
13.173919090457657
13.175307784357985
13.176696478258313
13.17808517215864
13.179473866058968
13.180862559959296
13.182251253859624
13.183639947759952
13.185026754798054
13.186413561806715
13.187800368910393
13.189187175841512
13.190573982772632
13.191960789703751
13.19334759663487
13.19473440356599
13.19612121049711
13.197508017428229
13.198894824359348
13.200281631290467
13.201668438221587
13.203055245152706
13.204442052083825
13.205827868491962
13.207213684789622
13.208599501165763
13.209985317543351
13.21137113392094
13.212756950298528
13.214142766676117
13.215528583053706
13.216914399431294
13.218300215808883
13.219686032186472
13.22107184856406
13.222457664941649
13.223843481319237
13.225221214080703
13.226599465843549
13.227977717642686
13.22935596938585
13.230734221005891
13.232112472625932
13.233490724245973
13.234868975866014
13.236247227486055
13.237625479106097
13.239003730726138
13.240381982346179
13.24176023396622
13.243138485586261
13.244516737206302
13.245894988826343
13.24727237917539
13.248649769647107
13.25002716013405
13.25140455066736
13.25278194120067
13.25415933173398
13.25553672226729
13.256914112800601
13.258291503333911
13.259668893867222
13.261046284400532
13.262423674933842
13.263801065467153
13.265178456000463
13.266555846533773
13.267934944230719
13.269314041896049
13.270693139501294
13.272072237260504
13.273451335019715
13.274830432778925
13.276209530538136
13.277588628297346
13.278967726056557
13.280346823815767
13.281725921574978
13.283105019334188
13.284484117093399
13.28586321485261
13.28724231261182
13.28861354896039
13.289984785414621
13.291356021885251
13.292727258311192
13.294098494843782
13.295469731392883
13.296840967818824
13.298212204351413
13.299583440900514
13.300954677326455
13.302325913859045
13.303697150408146
13.305068386834087
13.306439623366677
13.307810859915778
13.309183748235668
13.310556636548695
13.311929524912694
13.313302413142528
13.314675301372363
13.316048189602197
13.317421077832032
13.318793966061866
13.3201668542917
13.321539742521535
13.32291263075137
13.324285518981204
13.325658407211039
13.327031295440873
13.328404183670708
13.329770145505691
13.331136107269916
13.332502069189816
13.333868031109716
13.335233993029616
13.336599954949516
13.337965916869416
13.339331878789316
13.340697840709216
13.342063802629117
13.343429764549017
13.344795726468917
13.346161688388817
13.347527650308717
13.348893612228617
13.350262857809577
13.351632103290516
13.353001348655827
13.354370594021137
13.355739839386448
13.357109084751759
13.35847833011707
13.35984757548238
13.361216820847691
13.362586066213002
13.363955311578312
13.365324556943623
13.366693802308934
13.368063047674244
13.369432293039555
13.370801466409368
13.372170639759553
13.373539813106838
13.374908986593814
13.37627816008079
13.377647333567767
13.379016507054743
13.38038568054172
13.381754854028696
13.383124027515672
13.384493201002648
13.385862374489625
13.3872315479766
13.388600721463577
13.389969894950553
13.391334607725623
13.392699320550264
13.394064033490496
13.395428746430728
13.39679345937096
13.398158172311192
13.399522885251423
13.400887598191655
13.402252311131887
13.403617024072119
13.404981737012351
13.406346449952583
13.407711162892815
13.409075875833047
13.410440588773278
13.41180572922351
13.413170869603773
13.414536010062449
13.415901150521124
13.4172662909798
13.418631431438476
13.419996571897151
13.421361712355827
13.422726852814503
13.424091993273178
13.425457133731854
13.42682227419053
13.428187414649205
13.42955255510788
13.430917695566556
13.432283081670818
13.433648467692196
13.435013853832805
13.436379239973414
13.437744626114023
13.439110012254632
13.440475398395241
13.44184078453585
13.44320617067646
13.444571556817069
13.445936942957678
13.447302329098287
13.448667715238896
13.450033101379505
13.451398487520114
13.45276500924253
13.454131530545617
13.45549805192166
13.456864573380777
13.458231095011657
13.459597616446006
13.460964137858358
13.462330659202712
13.463697180727575
13.465063702358455
13.466430223792804
13.467796745205156
13.46916326654951
13.470529788074373
13.471896309705253
13.473263250906017
13.4746301918712
13.475997133244167
13.477364074418961
13.478731015593755
13.48009795676855
13.481464897943344
13.482831839118138
13.484198780292932
13.485565721467726
13.48693266264252
13.488299603817314
13.489666544992108
13.491033486166902
13.492400427341696
13.493766997949443
13.495133568610122
13.496500139115186
13.497866709758043
13.499233280375547
13.500599850880612
13.501966421523468
13.503332992140972
13.504699562646037
13.506066133288893
13.507432703906398
13.508799274411462
13.510165845054319
13.511532415671823
13.512898986176888
13.514264998108883
13.515631009918097
13.516997021629134
13.518363033505219
13.519729045381304
13.521095057257389
13.522461069133474
13.523827081009559
13.525193092885644
13.526559104761729
13.527925116637814
13.529291128513899
13.530657140389984
13.532023152266069
13.533389164142154
13.534760380062519
13.536131595904493
13.537502811588066
13.538874027271639
13.540245242955212
13.541616458638785
13.542987674322358
13.544358890005931
13.545730105689504
13.547101321373077
13.54847253705665
13.549843752740223
13.551214968423796
13.55258618410737
13.553957399790942
13.555324194489515
13.556690989478795
13.558057784077937
13.559424578677078
13.560791373276219
13.56215816787536
13.563524962474501
13.564891757073642
13.566258551672783
13.567625346271925
13.568992140871066
13.570358935470207
13.571725730069348
13.573092524668489
13.57445931926763
13.575824061522912
13.577188803810506
13.578553545928768
13.57991828818085
13.58128303043293
13.58264777268501
13.584012514937092
13.585377257189172
13.586741999441253
13.588106741693334
13.589471483945415
13.590836226197496
13.592200968449577
13.593565710701657
13.594930452953738
13.596301433962319
13.597672415114939
13.59904339625866
13.60041437740238
13.6017853585461
13.603156339689821
13.604527320833542
13.605898301977263
13.607269283120983
13.608640264264704
13.610011245408424
13.611382226552145
13.612753207695865
13.614124188839586
13.615495169983307
13.616862290485711
13.618229410969548
13.619596531483026
13.620963652245461
13.622330773007896
13.62369789377033
13.625065014532765
13.6264321352952
13.627799256057635
13.62916637682007
13.630533497582505
13.63190061834494
13.633267739107374
13.63463485986981
13.636001980632244
13.63737176031903
13.638741539931107
13.640111319494888
13.64148109905867
13.64285087862245
13.644220658186232
13.645590437750013
13.646960217313794
13.648329996877575
13.649699776441356
13.651069556005137
13.652439335568918
13.653809115132699
13.65517889469648
13.65654867426026
13.657915497297349
13.659282320459424
13.66064914382646
13.662015967193495
13.663382790560531
13.664749613927567
13.666116437294603
13.667483260661639
13.668850084028675
13.67021690739571
13.671583730762746
13.672950554129782
13.674317377496818
13.675684200863854
13.67705102423089
13.678417200836405
13.679783377545858
13.68114955412845
13.68251573071104
13.683881907293632
13.685248083876223
13.686614260458814
13.687980437041405
13.689346613623997
13.690712790206588
13.692078966789179
13.69344514337177
13.694811319954361
13.696177496536952
13.697543673119544
13.698912433698972
13.700281194176476
13.701649954743926
13.70301871522143
13.704387475698935
13.70575623617644
13.707124996653944
13.708493757131448
13.709862517608952
13.711231278086457
13.712600038563961
13.713968799041465
13.71533755951897
13.716706319996474
13.718075080473978
13.719445609988023
13.72081613963575
13.722186669185716
13.723557198735682
13.724927728285648
13.726298257835614
13.72766878738558
13.729039316935546
13.730409846485513
13.731780376035479
13.733150905585445
13.734521435135411
13.735891964685377
13.737262494235344
13.73863302378531
13.740002801033329
13.741372578276646
13.742742355653947
13.74411213294109
13.745481910228234
13.746851687515377
13.748221464802521
13.749591242089664
13.750961019376808
13.752330796663951
13.753700573951095
13.755070351238238
13.756440128525382
13.757809905812525
13.759179683099669
