0.0013961466684913018
0.002792293529236562
0.004188440367138649
0.005584587230937951
0.006980733980668047
0.008376880818570133
0.009773027682369435
0.01116917443209953
0.012565321270001617
0.01396146813380092
0.015357614883531014
0.0167537617214331
0.0181499085852324
0.019546055334962495
0.02094220217286458
0.022338817553248513
0.023735432913671705
0.02513204835609697
0.02652866372445375
0.027925279092810534
0.029321894461167317
0.0307185098295241
0.03211512519788088
0.03351174056623766
0.03490835593459444
0.03630497130295122
0.037701586671308
0.03909820203966478
0.040494817408021556
0.041891432776378336
0.04328922613005119
0.04468701940942463
0.04608481274511162
0.04748260620997139
0.04888039957738163
0.05027819299789774
0.05167598646275751
0.05307377983016775
0.054471573250683865
0.055869366715543635
0.05726716008295387
0.05866495350346999
0.06006274696832976
0.06146054033573999
0.06285833375625612
0.06425656206722731
0.06565479021971586
0.06705301847804672
0.06845124684474783
0.06984947521144895
0.07124770357815007
0.07264593194485118
0.0740441603115523
0.07544238867825341
0.07684061704495453
0.07823884541165564
0.07963707377835676
0.08103530214505787
0.08243353051175899
0.0838317588784601
0.0852316328984416
0.08663150695062494
0.08803138074113913
0.08943125453165332
0.09083112832216751
0.0922310021126817
0.0936308759031959
0.09503074969371009
0.09643062348422428
0.09783049727473847
0.09923037106525266
0.10063024485576685
0.10203011864628105
0.10342999243679524
0.10482986622730943
0.10622954757571734
0.10762922893437439
0.10902891035876226
0.11042859179325637
0.11182827322775048
0.11322795466224458
0.11462763609673869
0.1160273175312328
0.1174269989657269
0.11882668040022101
0.12022636183471512
0.12162604326920923
0.12302572470370333
0.12442540613819744
0.12582508757269154
0.1272235803084505
0.12862207320668834
0.13002056605355064
0.13141905891262978
0.13281755177170892
0.13421604463078807
0.1356145374898672
0.13701303034894635
0.1384115232080255
0.13981001606710464
0.14120850892618378
0.14260700178526292
0.14400549464434206
0.1454039875034212
0.14680248036250035
0.14820208153435913
0.14960168265182514
0.1510012837270577
0.15240088489667541
0.15380048606629312
0.15520008723591083
0.15659968840552854
0.15799928957514625
0.15939889074476396
0.16079849191438167
0.16219809308399938
0.1635976942536171
0.1649972954232348
0.1663968965928525
0.16779649776247021
0.16919490037098447
0.17059330312400967
0.1719917057361338
0.17339010854809989
0.17478851136006598
0.17618691417203208
0.17758531698399818
0.17898371979596428
0.18038212260793038
0.18178052541989648
0.18317892823186258
0.18457733104382867
0.18597573385579477
0.18737413666776087
0.18877253947972697
0.19017171286691997
0.19157088642178205
0.1929700598741909
0.19436923332659978
0.19576840677900864
0.1971675802314175
0.19856675368382637
0.19996592713623523
0.2013651005886441
0.20276427404105296
0.20416344749346182
0.2055626209458707
0.20696179439827955
0.20836096785068842
0.20976014130309728
0.21115801606809817
0.21255589083167978
0.21395376551839088
0.21535164011118868
0.21674951470398648
0.2181473892967843
0.2195452638895821
0.2209431384823799
0.2223410130751777
0.2237388876679755
0.2251367622607733
0.22653463685357111
0.22793251144636892
0.22933038603916672
0.23072826063196453
0.23212770595314852
0.23352715125268309
0.23492659641248942
0.23632604163568244
0.23772548685887546
0.23912493208206848
0.2405243773052615
0.2419238225284545
0.24332326775164753
0.24472271297484055
0.24612215819803357
0.2475216034212266
0.2489210486444196
0.2503204938676126
0.25171993909080564
0.2531180458321619
0.2545161527013557
0.25591425968571885
0.25731236674842795
0.25871047381113704
0.26010858087384614
0.26150668793655524
0.26290479499926434
0.26430290206197343
0.26570100912468253
0.2670991161873916
0.2684972232501007
0.2698953303128098
0.2712934373755189
0.272691544438228
0.2740911905225416
0.27549083658731
0.27689048260461985
0.2782901288056706
0.2796897750067214
0.28108942120777214
0.2824890674088229
0.28388871360987367
0.28528835981092443
0.2866880060119752
0.28808765221302596
0.2894872984140767
0.2908869446151275
0.29228659081617825
0.293686237017229
0.2950871497466649
0.2964880622670548
0.2978889748096113
0.29928988716977806
0.3006907995299448
0.3020917118901116
0.30349262425027834
0.3048935366104451
0.30629444897061187
0.3076953613307786
0.3090962736909454
0.31049718605111215
0.3118980984112789
0.3132990107714457
0.31469992313161244
0.3160999012966481
0.3174998792146054
0.3188998571937291
0.3202998351728528
0.32169981315197654
0.32309979113110027
0.324499769110224
0.3258997470893477
0.32729972506847144
0.32869970304759516
0.3300996810267189
0.3314996590058426
0.33289963698496633
0.33429961496409005
0.3356995929432138
0.3371006662878249
0.33850173941564743
0.3399028125610763
0.3413038856567077
0.34270495875233914
0.34410603184797056
0.345507104943602
0.3469081780392334
0.34830925113486483
0.34971032423049625
0.35111139732612767
0.3525124704217591
0.3539135435173905
0.35531461661302194
0.35671568970865336
0.35811653672142485
0.359517383625744
0.3609182306361338
0.36231907752326353
0.36371992441039325
0.36512077129752296
0.3665216181846527
0.3679224650717824
0.3693233119589121
0.3707241588460418
0.37212500573317153
0.37352585262030125
0.37492669950743096
0.3763275463945607
0.3777283932816904
0.3791295404227156
0.38053068744408597
0.3819318345715545
0.38333298155462087
0.38473412853768724
0.3861352755207536
0.38753642250382
0.38893756948688635
0.3903387164699527
0.3917398634530191
0.39314101043608546
0.39454215741915183
0.3959433044022182
0.39734445138528457
0.39874559836835094
0.4001460931547047
0.40154658803400234
0.40294708282319597
0.4043475776123896
0.4057480724015832
0.40714856719077686
0.4085490619799705
0.4099495567691641
0.41135005155835774
0.4127505463475514
0.414151041136745
0.41555153592593863
0.41695203071513226
0.4183525255043259
0.4197530202935195
0.4211544005708879
0.4225557804149389
0.4239571605208199
0.42535854062670087
0.42675992073258184
0.4281613008384628
0.4295626809443438
0.4309640610502248
0.43236544115610576
0.43376682126198673
0.4351682013678677
0.4365695814737487
0.43797096157962967
0.43937234168551065
0.4407737217913916
0.44217554610467213
0.4435773706313618
0.4449791947904384
0.446381018949515
0.44778284310859157
0.44918466726766815
0.45058649142674473
0.4519883155858213
0.4533901397448979
0.45479196390397447
0.45619378806305105
0.45759561222212763
0.4589974363812042
0.4603992605402808
0.4618010846993574
0.46320235372575597
0.4646036228181626
0.4660048916375917
0.4674061606354011
0.4688074296332105
0.4702086986310199
0.4716099676288293
0.4730112366266387
0.4744125056244481
0.4758137746222575
0.4772150436200669
0.4786163126178763
0.4800175816156857
0.4814188506134951
0.4828201196113045
0.4842197469200799
0.4856193742646541
0.4870190018138534
0.48841862903372807
0.48981825625360276
0.49121788347347745
0.49261751069335213
0.4940171379132268
0.4954167651331015
0.4968163923529762
0.4982160195728509
0.4996156467927256
0.5010152740126003
0.502414901232475
0.5038145284523498
0.5052155339211973
0.5066165390726616
0.5080175445236655
0.5094185499479617
0.5108195553722578
0.5122205607965539
0.51362156622085
0.5150225716451461
0.5164235770694422
0.5178245824937383
0.5192255879180344
0.5206265933423305
0.5220275987666266
0.5234286041909227
0.5248296096152189
0.5262326828205522
0.527635755959071
0.5290388289519402
0.5304419022003195
0.5318449754486988
0.5332480486970781
0.5346511219454574
0.5360541951938367
0.537457268442216
0.5388603416905953
0.5402634149389746
0.5416664881873539
0.5430695614357332
0.5444726346841124
0.5458757079324917
0.5472837924401219
0.5486918770593202
0.5500999617726593
0.5515080464481567
0.552916131123654
0.5543242157991514
0.5557323004746487
0.5571403851501461
0.5585484698256434
0.5599565545011408
0.5613646391766381
0.5627727238521355
0.5641808085276329
0.5655888932031302
0.5669969778786276
0.5684034806061381
0.5698099832954129
0.5712164858591678
0.5726229884229228
0.5740294909866778
0.5754359935504327
0.5768424961141877
0.5782489986779427
0.5796555012416976
0.5810620038054526
0.5824685063692076
0.5838750089329625
0.5852815114967175
0.5866880140604724
0.5880945166242274
0.5895003938615808
0.5909062711799723
0.5923121483554247
0.593718025530877
0.5951239027063294
0.5965297798817818
0.5979356570572342
0.5993415342326865
0.6007474114081389
0.6021532885835913
0.6035591657590437
0.604965042934496
0.6063709201099484
0.6077767972854008
0.6091826744608532
0.6105901836845807
0.6119976930108394
0.6134052023012995
0.6148127115917595
0.6162202208822196
0.6176277301726797
0.6190352394631398
0.6204427487535998
0.6218502580440599
0.62325776733452
0.6246652766249801
0.6260727859154401
0.6274802952059002
0.6288878044963603
0.6302953137868204
0.6317027872703315
0.6331102609522369
0.6345177343479322
0.6359252077436275
0.6373326811393227
0.638740154535018
0.6401476279307132
0.6415551013264085
0.6429625747221037
0.644370048117799
0.6457775215134942
0.6471849949091895
0.6485924683048847
0.64999994170058
0.6514074150962752
0.6528143290168904
0.6542212428203609
0.6556281567407423
0.6570350706611237
0.658441984581505
0.6598488985018864
0.6612558124222678
0.6626627263426492
0.6640696402630306
0.665476554183412
0.6668834681037934
0.6682903820241748
0.6696972959445562
0.6711042098649376
0.672511123785319
0.6739183579958816
0.6753255921693331
0.6767328263201033
0.6781400605847561
0.6795472948494088
0.6809545291140615
0.6823617633787142
0.683768997643367
0.6851762319080197
0.6865834661726724
0.6879907004373251
0.6893979347019779
0.6908051689666306
0.6922124032312833
0.693619637495936
0.6950275070813743
0.696435376663286
0.6978432460598375
0.6992511155348053
0.7006589850097732
0.702066854484741
0.7034747239597089
0.7048825934346767
0.7062904629096446
0.7076983323846124
0.7091062018595803
0.7105140713345481
0.711921940809516
0.7133298102844838
0.7147376797594517
0.7161446886742212
0.7175516975496106
0.7189587064307105
0.7203657152964609
0.721772724020756
0.7231797327770666
0.724586741642817
0.7259937503671121
0.7274007591234227
0.7288077679891731
0.7302147767134682
0.7316217854697789
0.7330287943355293
0.7344358030598244
0.735842811816135
0.7372496072647475
0.7386564026889156
0.740063198204861
0.7414699936377667
0.7428767890706723
0.744283584503578
0.7456903799364837
0.7470971753693894
0.748503970802295
0.7499107662352007
0.7513175616681064
0.752724357101012
0.7541311525339177
0.7555379479668234
0.7569447433997291
0.7583516692363027
0.7597585950558179
0.761165520761635
0.7625724464674521
0.7639793721732693
0.7653862978790864
0.7667932235849035
0.7682001492907207
0.7696070749965378
0.7710140007023549
0.7724209264081721
0.7738278521139892
0.7752347778198063
0.7766417035256235
0.7780486292314406
0.7794570893805327
0.7808655494907896
0.7822740094116856
0.7836824694428757
0.7850909294740658
0.7864993895052559
0.787907849536446
0.7893163095676361
0.7907247695988262
0.7921332296300163
0.7935416896612064
0.7949501496923965
0.7963586097235866
0.7977670697547767
0.7991755297859668
0.8005842035514834
0.8019928772441226
0.8034015510134783
0.8048102245578146
0.8062188981021509
0.8076275716464871
0.8090362451908234
0.8104449187351597
0.8118535922794959
0.8132622658238322
0.8146709393681685
0.8160796129125047
0.817488286456841
0.8188969600011773
0.8203056335455136
0.8217112740819065
0.8231169146376974
0.8245225551592315
0.8259281956807655
0.8273338362022995
0.8287394767238335
0.8301451172453675
0.8315507577669016
0.8329563982884356
0.8343620388099696
0.8357676793315036
0.8371733198530377
0.8385789603745717
0.8399846008961057
0.8413902414176397
0.8427978971830106
0.8442055525592809
0.845613208330092
0.8470208641009032
0.8484285198717143
0.8498361756425254
0.8512438314133366
0.8526514871841477
0.8540591429549589
0.85546679872577
0.8568744544965812
0.8582821102673923
0.8596897660382035
0.8610974218090146
0.8625050775798258
0.8639120352363755
0.8653189929875684
0.8667259504910958
0.8681329079946232
0.8695398654981505
0.8709468230016779
0.8723537805052053
0.8737607380087327
0.87516769551226
0.8765746530157874
0.8779816105193148
0.8793885680228422
0.8807955255263695
0.8822024830298969
0.8836094405334243
0.8850156932657183
0.8864219459577538
0.8878281985908633
0.8892344512239727
0.8906407038570822
0.8920469564901916
0.8934532091233011
0.8948594617564105
0.89626571438952
0.8976719670226294
0.8990782196557389
0.9004844722888483
0.9018907249219578
0.9032969775550672
0.9047032301881767
0.9061087971609482
0.9075143643827462
0.9089199313991821
0.910325498483979
0.9117310656722969
0.9131366328606147
0.9145422000489326
0.9159477672372505
0.9173533344255683
0.9187589016138862
0.920164468802204
0.9215700359905219
0.9229756031788398
0.9243811703671576
1.0380659465619182
1.1519361258005718
1.265806304790293
1.3796764837780484
1.4935466627658038
1.6074168417535593
1.7212870207413147
1.83515719972907
1.9490273787168255
2.0628975577045807
2.176767736692336
2.290637915680091
2.4045080946678463
2.5183782736556015
2.6322484526433567
2.746118631631112
2.8598025053959604
2.9734863792311286
3.087170253184528
3.2008541271379274
3.314538001091327
3.428221875044726
3.5419057489981256
3.655589622951525
3.7692734969049244
3.882957370858324
3.9966412448117232
4.110325118765123
4.224008992718522
4.337692866671921
4.451376740625321
4.565084731121335
4.678792721524331
4.792500712062752
4.906208702650239
5.019916693237725
5.133624683825212
5.247332674412698
5.361040665000185
5.474748655587671
5.588456646175158
5.702164636762644
5.815872627350131
5.929580617937617
6.043288608525104
6.15699659911259
6.270704951263909
6.384413303453501
6.498121655697503
6.611830007871904
6.725538360115906
6.839246712290308
6.95295506453431
7.066663416708711
7.180371768952713
7.294080121127115
7.407788473371117
7.521496825545518
7.63520517778952
7.748913529963922
7.8626218822079235
7.976242562897982
8.0898632436853
8.203483924239638
8.317104604793975
8.430725285348313
8.54434596590265
8.657966646456988
8.771587327011325
8.885208007565662
8.99882868812
9.112449368674337
9.226070049228674
9.339690729783012
9.45331141033735
9.566932090891687
9.680719654219333
9.794507217306455
9.908294780575652
10.022082343610611
10.135869906879808
10.249657469914768
10.363445033183964
10.477232596218924
10.59102015948812
10.70480772252308
10.818595285792277
10.932382848827237
11.046170412096433
11.159957975131393
11.27374553840059
11.387607200917794
11.501468863449164
11.615330525897365
11.729192188345566
11.843053850793767
11.956915513241968
12.07077717569017
12.18463883813837
12.298500500586572
12.412362163034773
12.526223825482974
12.640085487931175
12.753947150379377
12.867808812827578
12.981670475275779
13.095461415067264
13.209252354988271
13.323043294734676
13.436834234523822
13.550625174382352
13.66441611414543
13.778207053934576
13.891997993793106
14.005788933556184
14.11957987334533
14.23337081320386
14.347161752966938
14.460952692756084
14.574743632614615
14.688534572377693
14.802284359411015
14.91603414625104
15.029783933185781
15.143533720120523
15.257283507055265
15.371033293990006
15.484783080924748
15.59853286785949
15.712282654794231
15.826032441728973
15.939782228663715
16.053532015598456
16.1672818025332
16.281031589467943
16.394781376402687
16.508530228438705
16.622279080548726
16.736027932627714
16.849776784699298
16.963525636660826
17.077274488739814
17.191023340811398
17.304772192772926
17.418521044851914
17.5322698969235
17.646018748885027
17.759767600964015
17.8735164530356
17.987265304997127
18.101014157076115
18.214802342180157
18.328590527239395
18.44237871223291
18.556166897226422
18.669955082219936
18.78374326721345
18.897531452206962
19.011319637200476
19.12510782219399
19.238896007187503
19.352684192181016
19.46647237717453
19.580260562168043
19.694048747161556
19.80783693215507
19.921473463683963
20.03510999516156
20.148746526672188
20.262383058168727
20.376019589679355
20.489656121175894
20.603292652686523
20.716929184183062
20.83056571569369
20.94420224719023
21.05783877870086
21.171475310197398
21.285111841708027
21.398748373204565
21.512384904715194
21.626069127447078
21.739753350241564
21.853437573098443
21.967121796001518
22.080806018904592
22.194490241807667
22.308174464710742
22.421858687613817
22.53554291051689
22.649227133419966
22.76291135632304
22.876595579226116
22.99027980212919
23.103964025032266
23.21764824793534
23.33126816526354
23.4448880826682
23.55850800012825
23.6721279175883
23.785747835048348
23.899367752508397
24.012987669968446
24.126607587428495
24.240227504888544
24.353847422348593
24.467467339808643
24.581087257268692
24.69470717472874
24.80832709218879
24.92194700964884
25.035630988067933
25.149314966495982
25.262998944900968
25.376682923305953
25.49036690171094
25.604050880115924
25.71773485852091
25.831418836925895
25.94510281533088
26.058786793735866
26.17247077214085
26.286154750545837
26.399838728950822
26.513522707355808
26.627206685760793
26.74106846684866
26.854930247856906
26.968792028863938
27.08265380987097
27.196515590878
27.310377371885032
27.424239152892063
27.538100933899095
27.651962714906126
27.765824495913158
27.87968627692019
27.99354805792722
28.107409838934252
28.221271619941284
28.335133400948315
28.448883291029322
28.562633181500487
28.676383071920494
28.7901329623405
28.903882852760507
29.017632743180513
29.13138263360052
29.245132524020526
29.358882414440533
29.47263230486054
29.586382195280546
29.700132085700552
29.81388197612056
29.927631866540565
30.041381756960572
30.155131390211093
30.268881023378476
30.38263065658585
30.49638028975816
30.610129922930472
30.723879556102784
30.837629189275095
30.951378822447406
31.065128455619718
31.17887808879203
31.29262772196434
31.40637735513665
31.520126988308963
31.633876621481274
31.747626254653586
31.861246230875505
31.974866207092685
32.08848618302298
32.20210615895327
32.31572613488356
32.42934611081385
32.542966086744144
32.656586062674435
32.77020603860473
32.88382601453502
32.99744599046531
33.1110659663956
33.22468594232589
33.33830591825618
33.45192589418647
33.5656106574078
33.67929542084944
33.79298018429108
33.90666494773272
34.02034971117436
34.134034474616
34.24771923805764
34.36140400149928
34.47508876494092
34.58877352838256
34.7024582918242
34.81614305526584
34.92982781870748
35.04351258214912
35.15719734559076
35.271069244577525
35.38494114357777
35.4988130424267
35.61268494156489
35.72655684041382
35.84042873955202
35.954300638400944
36.06817253753914
36.18204443638807
36.295916335526265
36.40978823437519
36.52366013351339
36.637532032362316
36.75140393150051
36.86527583034944
36.97898499038149
37.09269415051797
37.20640331082383
37.32011247099826
37.43382163130412
37.54753079147855
37.66123995178441
37.77494911195884
37.8886582722647
38.00236743243913
38.11607659274499
38.22978575291942
38.34349491322528
38.45720407339971
38.57091323370557
38.572317133288514
38.573721032797586
38.57512493238898
38.57652883209656
38.57793273180413
38.57933663151171
38.580740531219284
38.58214443092686
38.583548330634436
38.58495223034201
38.58635613004959
38.58776002975716
38.58916392946474
38.590567829172315
38.59197172887989
38.59337596536775
38.59478020175751
38.596184438187514
38.597588674694585
38.598992911201655
38.600397147708726
38.6018013842158
38.60320562072287
38.60460985722994
38.60601409373701
38.60741833024408
38.60882256675115
38.61022680325822
38.61163103976529
38.61303527627236
38.61443844788748
38.6158416199314
38.61724479160334
38.61864796327528
38.62005113494722
38.62145430661916
38.622857478291095
38.624260649963034
38.62566382163497
38.62706699330691
38.62847016497885
38.62987333665079
38.63127650832273
38.632679679994666
38.634082851666605
38.635485464200684
38.63688807667917
38.63829068908988
38.639693301500586
38.64109591391129
38.642498526322
38.64390113873271
38.645303751143416
38.646706363554124
38.64810897596483
38.64951158837554
38.65091420078625
38.652316813196954
38.65371942560766
38.65511780106848
38.65651646953774
38.657915137997456
38.659313806585416
38.660712475188404
38.66211114379139
38.66350981239438
38.66490848099737
38.66630714960036
38.667705818203345
38.66910448680633
38.67050315540932
38.67190182401231
38.6733004926153
38.674699161218285
38.67609782982127
38.67749601177571
38.678894193858675
38.68029237583312
38.68169055780756
38.68308873978201
38.68448692175645
38.6858851037309
38.68728328570534
38.688681467679785
38.69007964965423
38.691477831628674
38.69287601360312
38.69427419557756
38.69567237755201
38.69707055952645
38.698469706023324
38.699868852547446
38.70126799894831
38.70266714549817
38.704066292048026
38.705465438597884
38.70686458514774
38.7082637316976
38.70966287824746
38.711062024797315
38.71246117134717
38.71386031789703
38.71525946444689
38.716658610996745
38.7180577575466
38.71945242789892
38.72084709836984
38.722241768732175
38.723636438887105
38.72503110917396
38.72642577989641
38.72782045005134
38.729215120338196
38.730609791060644
38.732004461215574
38.73339913150243
38.73479380222488
38.73618847237981
38.737583142666665
38.73897781338911
38.74037343786421
38.74176906230178
38.7431646868592
38.74456031131112
38.745955935763035
38.74735156021495
38.74874718466687
38.750142809118785
38.7515384335707
38.75293405802262
38.754329682474534
38.75572530692645
38.75712093137837
38.75851655583028
38.7599121802822
38.76130374217148
38.762695303976486
38.7640868658259
38.76547842767532
38.766869989524736
38.76826155137415
38.76965311322357
38.771044675072986
38.7724362369224
38.77382779877182
38.775219360621236
38.77661092247065
38.77800248432007
38.779394046169486
38.7807856080189
38.782179106430746
38.783572604819994
38.78496610319608
38.78635960157217
38.78775309994826
38.78914659832435
38.79054009670044
38.79193359507653
38.79332709345262
38.79472059182871
38.796114090204796
38.797507588580885
38.798901086956974
38.80029458533306
38.80168808370915
38.80308153966873
38.80447499549494
38.80586845124036
38.80726190695835
38.80865536267635
38.81004881839434
38.81144227411234
38.81283572983033
38.81422918554833
38.81562264126632
38.81701609698432
38.81840955270231
38.81980300842031
38.8211964641383
38.8225899198563
38.823980732096935
38.82537154407571
38.826762356013965
38.82815316795222
38.82954397989048
38.83093479182874
38.832325603766996
38.833716415705254
38.83510722764351
38.83649803958177
38.83788885152003
38.839279663458285
38.84067047539654
38.8420612873348
38.84345209927306
38.844843168518835
38.84623423759471
38.84762530660032
38.849016375605935
38.85040744461155
38.85179851361716
38.853189582622775
38.85458065162839
38.855971720634
38.857362789639616
38.85875385864523
38.86014492765084
38.86153599665646
38.86292706566207
38.864318134667684
38.86570935132665
38.86710056808822
38.86849178493368
38.869883001779144
38.871274218624606
38.87266543547007
38.87405665231553
38.87544786916099
38.876839086006456
38.87823030285192
38.87962151969738
38.88101273654284
38.882403953388305
38.88379517023377
38.88518638707923
38.88657828431402
38.88797018157293
38.88936207884336
38.89075397612854
38.892145873398974
38.89353777069567
38.89492966796262
38.89632156523305
38.897713462477014
38.899105359747445
38.900497257044144
38.90188915431109
38.90328105158152
38.904672948825485
38.906064846095916
38.90745699419471
38.90884914223982
38.910241290255684
38.91163343847361
38.91302558669153
38.914417734909456
38.91580988312738
38.917202031345305
38.91859417956323
38.91998632778115
38.92137847599908
38.922770624217
38.924162772434926
38.92555492065285
38.926947068870774
38.9283389955757
38.929730922127774
38.9311228487246
38.932514775238936
38.93390670181753
38.93529862841435
38.93669055492869
38.93808248150728
38.939474408104104
38.94086633461844
38.94225826119703
38.94365018779386
38.945042114308194
38.946434040886786
38.94782596748361
38.94921755950113
38.95060915136434
38.95200074358032
38.95339233551556
38.9547839274508
38.956175519386036
38.957567111321275
38.95895870325651
38.96035029519175
38.96174188712699
38.96313347906223
38.96452507099747
38.965916662932706
38.967308254867945
38.96869984680318
38.97009450510767
38.97148916322142
38.972883821459945
38.97427847969847
38.975673137936994
38.97706779617552
38.97846245441404
38.97985711265257
38.98125177089109
38.982646429129616
38.98404108736814
38.985435745606665
38.98683040384519
38.988225062083714
38.98961972032224
38.991011781165234
38.992403842044226
38.993795902690536
38.995187963336846
38.99658002398316
38.99797208462947
38.99936414527578
39.00075620592209
39.0021482665684
39.00354032721471
39.00493238786102
39.00632444850733
39.00771650915364
39.00910856979995
39.01050063044626
39.01189146020952
39.01328228995419
39.01467311971727
39.01606394957361
39.017454779429954
39.018845609286295
39.020236439142636
39.02162726899898
39.02301809885532
39.02440892871166
39.025799758568
39.02719058842434
39.02858141828068
39.02997224813702
39.03136307799336
39.03275759843016
39.03415211878153
39.03554663913086
39.036941159480186
39.038335679829515
39.039730200178845
39.041124720528174
39.0425192408775
39.04391376122683
39.04530828157616
39.04670280192549
39.04809732227482
39.04949184262415
39.05088636297348
39.05228088332281
39.05367313694922
39.05506539058875
39.05645764405203
39.0578498976276
39.059242151203165
39.06063440477873
39.0620266583543
39.063418911929865
39.06481116550543
39.066203419081
39.067595672656566
39.06898792623213
39.0703801798077
39.071772433383266
39.07316468695883
39.07455850010961
39.07595231349754
39.07734612679484
39.07873994009215
39.080133753389454
39.08152756668676
39.082921379984064
39.08431519328137
39.085709006578675
39.08710281987598
39.088496633173285
39.08989044647059
39.091284259767896
39.0926780730652
39.09407188636251
39.09546396427592
39.09685604206561
39.098248119870725
39.09964019767584
39.101032275480954
39.10242435328607
39.10381643109118
39.1052085088963
39.10660058670141
39.107992664506526
39.10938474231164
39.110776820116754
39.11216889792187
39.11356097572698
39.1149530535321
39.116344744436894
39.11773643515462
39.119128125931326
39.12051981670803
39.12191150748474
39.123303198261446
39.12469488903815
39.12608657981486
39.12747827059157
39.128869961368274
39.13026165214498
39.13165334292169
39.133045033698394
39.1344367244751
39.13582841525181
39.13722162758086
39.13861483992389
39.1400080524208
39.14140126480884
39.14279447719689
39.14418768958493
39.14558090197298
39.14697411436102
39.14836732674907
39.14976053913711
39.15115375152516
39.1525469639132
39.15394017630125
39.15533338868929
39.15672660107734
39.15812085599717
39.15951511077964
39.16090936551913
39.162303620258626
39.16369787499812
39.165092129737616
39.16648638447711
39.167880639216605
39.1692748939561
39.170669148695595
39.17206340343509
39.173457658174584
39.17485191291408
39.176246167653574
39.17764042239307
39.17903423415157
39.18042804593124
39.18182185799495
39.18321567009286
39.18460948219078
39.186003294288696
39.18739710638661
39.18879091848453
39.190184730582445
39.19157854268036
39.19297235477828
39.19436616687619
39.19575997897411
39.197153791072026
39.19854760316994
