0.0013924690057226343
0.002784938134172572
0.004177407224899806
0.005569876282455981
0.006962345461629684
0.00835481469780439
0.009747283755360565
0.011139752934534269
0.012532222170708974
0.01392469122826515
0.015317160407438853
0.01670962964361356
0.018102098701169734
0.019494567880343438
0.020887037116518143
0.0222800349042366
0.02367303282357258
0.025066030578829942
0.026459028277885915
0.027852025976941888
0.02924502367599786
0.030638021375053833
0.0320310190741098
0.033424016773165775
0.03481701447222175
0.03621001217127772
0.037603009870333694
0.03899600756938967
0.04038900526844564
0.04178200296750161
0.043176340429299305
0.04457067780487144
0.04596501518645076
0.04735935261293416
0.0487536898105691
0.05014802696819533
0.05154236439467873
0.052936701592313666
0.05433103874993989
0.05572537617642329
0.05711971337405823
0.05851405053168446
0.05990838795816786
0.0613027251558028
0.06269706231342902
0.06409189460587397
0.06548672660949476
0.06688155882313745
0.06827639095860003
0.0696712230940626
0.07106605522952517
0.07246088736498774
0.0738557195004503
0.07525055163591288
0.07664538377137545
0.07804021590683802
0.07943504804230059
0.08082988017776316
0.08222471231322573
0.0836195444486883
0.085016245885021
0.08641294742156268
0.08780964889576268
0.08920635032576658
0.09060305175577049
0.0919997531857744
0.09339645461577831
0.09479315604578221
0.09618985747578612
0.09758655890579003
0.09898326033579394
0.10037996176579785
0.10177666319580175
0.10317336462580566
0.10457006605580957
0.1059665489563308
0.10736303205255583
0.10875951477064202
0.11015599775240258
0.11155248073416313
0.11294896371592368
0.11434544669768423
0.11574192967944479
0.11713841266120534
0.11853489564296589
0.11993137862472644
0.121327861606487
0.12272434458824755
0.1241208275700081
0.12551731055176865
0.12691244312653846
0.1283075762422071
0.12970270910979803
0.13109784193193544
0.13249297475407285
0.13388810757621025
0.13528324039834766
0.13667837322048507
0.13807350604262247
0.13946863886475988
0.1408637716868973
0.1422589045090347
0.1436540373311721
0.1450491701533095
0.14644430297544692
0.14784069470341113
0.14923708629519195
0.15063347786111336
0.15202986940684834
0.15342626095258333
0.1548226524983183
0.1562190440440533
0.15761543558978827
0.15901182713552325
0.16040821868125824
0.16180461022699322
0.1632010017727282
0.16459739331846318
0.16599378486419816
0.16739017640993314
0.16878520668409322
0.17018023695167478
0.1715752670957607
0.1729702973072295
0.17436532751869827
0.17576035773016704
0.17715538794163582
0.1785504181531046
0.17994544836457338
0.18134047857604216
0.18273550878751094
0.18413053899897971
0.1855255692104485
0.18692059942191727
0.18831562963338605
0.18971153543917857
0.19110744116026684
0.1925033470535094
0.19389925294675198
0.19529515883999454
0.1966910647332371
0.19808697062647967
0.19948287651972224
0.2008787824129648
0.20227468830620737
0.20367059419944994
0.2050665000926925
0.20646240598593507
0.20785831187917764
0.2092542177724202
0.21064864773095482
0.21204307769450587
0.21343750746002005
0.21483193724368865
0.21622636702735726
0.21762079681102586
0.21901522659469447
0.22040965637836307
0.22180408616203168
0.22319851594570028
0.2245929457293689
0.2259873755130375
0.2273818052967061
0.2287762350803747
0.2301706648640433
0.2315668795011554
0.23296309396827453
0.23435930844136782
0.2357555230920671
0.23715173774276638
0.23854795239346566
0.23994416704416494
0.24134038169486421
0.2427365963455635
0.24413281099626277
0.24552902564696205
0.24692524029766133
0.2483214549483606
0.2497176695990599
0.25111388424975917
0.25250857830382056
0.25390327252419265
0.25529796667595395
0.2566926608346304
0.2580873549933068
0.25948204915198325
0.2608767433106597
0.2622714374693361
0.26366613162801256
0.265060825786689
0.2664555199453654
0.26785021410404186
0.2692449082627183
0.27063960242139473
0.27203429658007117
0.2734307394908233
0.2748271820474293
0.27622362480736135
0.2776200673597596
0.2790165099121578
0.28041295246455605
0.2818093950169543
0.2832058375693525
0.28460228012175076
0.285998722674149
0.28739516522654723
0.28879160777894547
0.2901880503313437
0.29158449288374194
0.2929809354361402
0.29437881679288286
0.2957766982555581
0.29717457962329047
0.29857246092523376
0.29997034222717706
0.30136822352912035
0.30276610483106364
0.30416398613300694
0.30556186743495023
0.3069597487368935
0.3083576300388368
0.3097555113407801
0.3111533926427234
0.3125512739446667
0.31394915524661
0.31534597497350103
0.31674279477815787
0.31813961446218436
0.31953643414621086
0.32093325383023735
0.32233007351426385
0.32372689319829034
0.32512371288231684
0.32652053256634334
0.32791735225036983
0.3293141719343963
0.3307109916184228
0.3321078113024493
0.3335046309864758
0.3349014506705023
0.33629951445175754
0.33769757812554224
0.3390956418500049
0.3404937057299636
0.34189176960992235
0.34328983348988107
0.3446878973698398
0.3460859612497985
0.34748402512975723
0.34888208900971596
0.3502801528896747
0.3516782167696334
0.3530762806495921
0.35447434452955084
0.35587240840950957
0.35727021531375297
0.35866802210485327
0.3600658289555708
0.36146363581144275
0.3628614426673147
0.3642592495231866
0.36565705637905854
0.3670548632349305
0.3684526700908024
0.36985047694667433
0.37124828380254626
0.3726460906584182
0.3740438975142901
0.37544170437016205
0.376839511226034
0.37823765886061805
0.37963580652926016
0.3810339539757842
0.3824321016978066
0.383830249419829
0.3852283971418514
0.3866265448638738
0.3880246925858962
0.3894228403079186
0.39082098802994103
0.39221913575196343
0.39361728347398584
0.39501543119600824
0.39641357891803064
0.39781172664005304
0.3992091335244814
0.40060654036088983
0.4020039471927414
0.40340135411892714
0.40479876104511286
0.4061961679712986
0.4075935748974843
0.40899098182367005
0.4103883887498558
0.4117857956760415
0.41318320260222724
0.41458060952841297
0.4159780164545987
0.4173754233807844
0.41877283030697016
0.4201712425222407
0.4215696546302323
0.4229680669559782
0.4243664791012879
0.42576489124659755
0.4271633033919072
0.4285617155372169
0.42996012768252656
0.43135853982783623
0.4327569519731459
0.43415536411845557
0.43555377626376524
0.4369521884090749
0.4383506005543846
0.43974901269969424
0.44114792952969584
0.4425468463928411
0.4439457632123695
0.4453446800318979
0.44674359685142634
0.44814251367095476
0.4495414304904832
0.4509403473100116
0.45233926412954
0.4537381809490684
0.45513709776859684
0.45653601458812526
0.4579349314076537
0.4593338482271821
0.4607327650467105
0.4621310511433008
0.4635293372107976
0.4649276232160466
0.46632590920264577
0.46772419518924496
0.46912248117584415
0.47052076716244334
0.47191905314904253
0.4733173391356417
0.4747156251222409
0.4761139111088401
0.4775121970954393
0.4789104830820385
0.4803087690686377
0.48170705505523687
0.4831034764834336
0.4844998979470472
0.48589631927653615
0.4872927408536872
0.4886891624308382
0.49008558400798924
0.49148200558514027
0.4928784271622913
0.49427484873944233
0.49567127031659336
0.4970676918937444
0.4984641134708954
0.49986053504804645
0.5012569566251974
0.5026533782023485
0.5040513648791153
0.5054493515807909
0.5068473381134779
0.5082453247281867
0.5096433113428955
0.5110412979576043
0.5124392845723131
0.5138372711870219
0.5152352578017307
0.5166332444164395
0.5180312310311483
0.5194292176458571
0.520827204260566
0.5222251908752747
0.5236231774899835
0.5250235125670066
0.5264238476657512
0.5278241828109546
0.5292245177370564
0.5306248526631582
0.53202518758926
0.5334255225153618
0.5348258574414636
0.5362261923675654
0.5376265272936672
0.539026862219769
0.5404271971458708
0.5418275320719727
0.5432278669980745
0.5446282019241763
0.5460341856906012
0.5474401692491179
0.5488461529005817
0.5502521365752533
0.5516581202499249
0.5530641039245965
0.5544700875992681
0.5558760712739397
0.5572820549486113
0.5586880386232829
0.5600940222979545
0.5615000059726261
0.5629059896472977
0.5643119733219693
0.5657179569966408
0.5671221457168565
0.5685263346513239
0.5699305235073637
0.5713347123634036
0.5727389012194435
0.5741430900754834
0.5755472789315232
0.5769514677875631
0.578355656643603
0.5797598454996429
0.5811640343556828
0.5825682232117226
0.5839724120677625
0.5853766009238024
0.5867807897798423
0.5881842689370727
0.589587748087977
0.5909912273763702
0.5923947066647635
0.5937981859531567
0.5952016652415499
0.5966051445299432
0.5980086238183364
0.5994121031067297
0.6008155823951229
0.6022190616835161
0.6036225409719094
0.6050260202603026
0.6064294995486958
0.6078329788370891
0.6092383099527706
0.6106436410001368
0.612048972047503
0.6134543031736591
0.6148596342998153
0.6162649654259714
0.6176702965521276
0.6190756276782837
0.6204809588044399
0.621886289930596
0.6232916210567522
0.6246969521829083
0.6261022833090645
0.6275076144352206
0.6289129455613768
0.6303182358809146
0.6317235263215142
0.6331288166451213
0.6345341069687285
0.6359393972923356
0.6373446876159428
0.6387499779395499
0.640155268263157
0.6415605585867642
0.6429658489103713
0.6443711392339785
0.6457764295575856
0.6471817198811928
0.6485870102047999
0.6499923005284071
0.6513969559433632
0.6528016113252821
0.6542062665763899
0.6556109218274977
0.6570155770786055
0.6584202323297133
0.659824887580821
0.6612295428319288
0.6626341980830366
0.6640388533341444
0.6654435085852521
0.6668481638363599
0.6682528190874677
0.6696574743385755
0.6710621295896833
0.6724671487241901
0.6738721676582807
0.6752771865572114
0.676682205464534
0.6780872243718565
0.6794922432791791
0.6808972621865017
0.6823022810938243
0.6837073000011469
0.6851123189084695
0.686517337815792
0.6879223567231146
0.6893273756304372
0.6907323945377598
0.6921374134450824
0.6935431529673556
0.6949488926760263
0.6963546323228427
0.6977603719834171
0.6991661116439916
0.700571851304566
0.7019775909651405
0.7033833306257149
0.7047890702862893
0.7061948099468638
0.7076005496074382
0.7090062892680127
0.7104120289285871
0.7118177685891616
0.713223508249736
0.7146282713688489
0.7160330343390373
0.7174377975120861
0.718842560637348
0.7202473236054227
0.7216520865756111
0.7230568497008729
0.7244616126689476
0.725866375639136
0.7272711387643979
0.7286759017324725
0.730080664702661
0.7314854278279228
0.7328901907959975
0.7342949537661859
0.7356994745563772
0.7371039955743038
0.738508516459134
0.7399130374246237
0.7413175583901134
0.7427220793556031
0.7441266003210928
0.7455311212865825
0.7469356422520722
0.7483401632175619
0.7497446841830516
0.7511492051485413
0.752553726114031
0.7539582470795207
0.7553627680450105
0.7567674370160825
0.7581721059666626
0.7595767749826633
0.760981443998664
0.7623861130146646
0.7637907820306653
0.765195451046666
0.7666001200626666
0.7680047890786673
0.769409458094668
0.7708141271106687
0.7722187961266693
0.77362346514267
0.7750281341586707
0.7764328031746713
0.777839212929476
0.7792456226201644
0.7806520321592725
0.7820584419150997
0.7834648516709268
0.784871261426754
0.7862776711825812
0.7876840809384084
0.7890904906942355
0.7904969004500627
0.7919033102058899
0.7933097199617171
0.7947161297175442
0.7961225394733714
0.7975289492291986
0.7989356014601033
0.800342253547434
0.8017489055740835
0.8031555575217584
0.8045622094694332
0.8059688614171081
0.807375513364783
0.8087821653124578
0.8101888172601327
0.8115954692078076
0.8130021211554824
0.8144087731031573
0.8158154250508322
0.817222076998507
0.8186287289461819
0.8200319395719788
0.8214351504001122
0.8228383612027228
0.824241571993756
0.8256447827847893
0.8270479935758225
0.8284512043668557
0.8298544151578889
0.8312576259489222
0.8326608367399554
0.8340640475309886
0.8354672583220218
0.8368704691130551
0.8382736799040883
0.8396768906951215
0.8410823876153704
0.8424878844497784
0.8438933812832307
0.8452988782336913
0.846704375184152
0.8481098721346126
0.8495153690850733
0.850920866035534
0.8523263629859946
0.8537318599364553
0.855137356886916
0.8565428538373766
0.8579483507878373
0.8593538477382979
0.8607593446887586
0.8621640497953474
0.8635687549451045
0.8649734600727389
0.8663781652003733
0.8677828703280076
0.869187575455642
0.8705922805832763
0.8719969857109107
0.873401690838545
0.8748063959661794
0.8762111010938137
0.8776158062214481
0.8790205113490824
0.8804252164767168
0.8818299216043511
0.8832338268073996
0.8846377319881669
0.8860416371986948
0.8874455425153532
0.8888494478320117
0.8902533531486702
0.8916572584653286
0.8930611637819871
0.8944650690986455
0.895868974415304
0.8972728797319625
0.8986767850486209
0.9000806903652794
0.9014845956819378
0.9028885009985963
0.9042916282655166
0.9056947555906278
0.9070978829388924
0.908501010317175
0.9099041377825573
0.9113072652479396
0.9127103927133219
0.9141135201787042
0.9155166476440865
0.9169197751094688
0.918322902574851
0.9197260300402333
0.9211291575056156
0.9225322849709979
1.0346426556897206
1.1471534429639818
1.2596642303875154
1.3721750179644607
1.484685805541406
1.5971965931183514
1.7097073806952967
1.822218168272242
1.9347289558491874
2.0472397434261325
2.159750531003078
2.272261318580023
2.3847721061569684
2.4972828937339138
2.609793681310859
2.7223044688878044
2.8344267474436338
2.946549025948219
3.0586713044718996
3.17079358299558
3.2829158615192604
3.395038140042941
3.507160418566621
3.6192826970903016
3.731404975613982
3.8435272541376624
3.955649532661343
4.067771811185023
4.179894089708703
4.292016368232383
4.404138646756063
4.516333192693647
4.628527738633766
4.740722284660597
4.852916830703906
4.965111376747215
5.077305922790524
5.189500468833833
5.301695014877142
5.413889560920451
5.52608410696376
5.6382786530070685
5.7504731990503775
5.862667745093686
5.974862291136995
6.087056837180304
6.199235426111618
6.311414014940062
6.423592603881975
6.535771192805923
6.647949781747836
6.760128370671784
6.872306959613697
6.984485548537645
7.096664137479558
7.208842726403506
7.321021315345419
7.433199904269367
7.54537849321128
7.657557082135228
7.769735671077141
7.881761308841356
7.993786946394366
8.105812584080079
8.217838221765792
8.329863859451505
8.441889497137218
8.553915134822931
8.665940772508645
8.777966410194358
8.889992047880071
9.002017685565784
9.114043323251497
9.22606896093721
9.338094598622924
9.450120236308637
9.562571646013799
9.675023055674696
9.787474465171446
9.899925874741946
10.012377284238696
10.124828693809196
10.237280103305945
10.349731512876446
10.462182922373195
10.574634331943695
10.687085741440445
10.799537151010945
10.911988560507695
11.024439970078195
11.136891379574944
11.249434362496807
11.361977345375948
11.474520328324292
11.587063311272637
11.699606294220981
11.812149277169326
11.92469226011767
12.037235243066014
12.149778226014359
12.262321208962703
12.374864191911048
12.487407174859392
12.599950157807736
12.71249314075608
12.825036123704425
12.937454950835878
13.04987377801364
13.162292605109284
13.274711432285677
13.387130259525437
13.499549086574227
13.61196791375062
13.72438674099038
13.83680556803917
13.949224395215563
14.061643222455322
14.174062049504112
14.286480876680505
14.398899703920264
14.511318530969055
14.623543155272834
14.735767779725801
14.847992404023525
14.96021702832125
15.072441652618974
15.184666276916698
15.296890901214422
15.409115525512146
15.52134014980987
15.633564774107594
15.745789398405318
15.858014022703042
15.970238647000766
16.08246327129849
16.194687895596214
16.306923483027216
16.419159070352144
16.531394657651344
16.64363024511669
16.75586583258091
16.86810141988011
16.980337007345454
17.092572594809674
17.204808182108874
17.31704376957422
17.42927935703844
17.54151494433764
17.653750531802984
17.765986119267204
17.878221706566404
17.990666978132218
18.10311224970386
18.215557521241156
18.328002792778452
18.44044806431575
18.552893335853046
18.665338607390343
18.77778387892764
18.890229150464936
19.002674422002233
19.11511969353953
19.227564965076827
19.340010236614123
19.45245550815142
19.564900779688717
19.67688554934917
19.78887031869868
19.900855088023764
20.012839857357754
20.124824626682837
20.236809396016827
20.34879416534191
20.4607789346759
20.572763704000984
20.684748473334974
20.796733242660057
20.908718011994047
21.02070278131913
21.13268755065312
21.244672319978203
21.35677948277652
21.46888664571459
21.580993808668662
21.69310097163982
21.805208134610975
21.91731529758213
22.02942246055329
22.141529623524445
22.2536367864956
22.365743949466758
22.477851112437914
22.58995827540907
22.702065438380227
22.814172601351384
22.92627976432254
23.038280078931752
23.150280393726373
23.262280708548378
23.374281023370383
23.486281338192388
23.598281653014393
23.710281967836398
23.822282282658403
23.934282597480408
24.046282912302413
24.158283227124418
24.270283541946423
24.382283856768428
24.494284171590433
24.606284486412438
24.718322781008247
24.83036107526515
24.94239936939014
25.054437663515134
25.166475957640127
25.27851425176512
25.390552545890113
25.502590840015106
25.6146291341401
25.726667428265092
25.838705722390085
25.950744016515078
26.06278231064007
26.174820604765063
26.286858898890056
26.39940143655932
26.51194397440329
26.62448651210957
26.73702904981585
26.849571587522128
26.962114125228407
27.074656662934686
27.187199200640965
27.299741738347244
27.412284276053523
27.524826813759802
27.63736935146608
27.74991188917236
27.86245442687864
27.974996964584918
28.087220374396665
28.1994437840153
28.3116671937885
28.423890603561702
28.536114013334902
28.648337423108103
28.760560832881303
28.872784242654504
28.985007652427704
29.097231062200905
29.209454471974105
29.321677881747306
29.433901291520506
29.546124701293706
29.658348111066907
29.77057454359512
29.882800975840254
29.995027408171207
30.107253840513867
30.219480272856526
30.331706705199185
30.443933137541844
30.556159569884503
30.668386002227162
30.78061243456982
30.89283886691248
31.00506529925514
31.1172917315978
31.229518163940458
31.341744596283117
31.453746924766467
31.565749253245517
31.677751581773553
31.789753910301588
31.901756238829623
32.013758567357655
32.12576089588569
32.237763224413726
32.34976555294176
32.4617678814698
32.57377020999783
32.68577253852587
32.7977748670539
32.90977719558194
33.021779524109974
33.13389032621193
33.2460011280691
33.358111929926274
33.470222731783444
33.582333533640615
33.694444335497785
33.806555137354955
33.918665939212126
34.030776741069296
34.142887542926466
34.25499834478364
34.36710914664081
34.47921994849798
34.59133075035515
34.70344155221232
34.81594577723086
34.92845000209981
35.040954227057284
35.153458452037725
35.2659626769952
35.37846690197564
35.49097112693312
35.60347535191356
35.715979576871035
35.828483801851476
35.94098802680895
36.05349225178939
36.16599647674687
36.27850070172731
36.391004926684786
36.50317367430335
36.61534242203238
36.727511169799286
36.83967991749246
36.95184866525937
37.064017412952545
37.17618616071945
37.28835490841263
37.40052365617954
37.51269240387271
37.62486115163962
37.737029899332796
37.849198647099705
37.96136739479288
38.07353614255979
38.074937377670366
38.07633861312068
38.07773984856649
38.079141083757726
38.080542318948964
38.0819435541402
38.08334478933144
38.08474602452268
38.08614725971392
38.08754849490516
38.088949730096395
38.090350965287634
38.09175220047887
38.09315343567011
38.09455467086135
38.095956288466105
38.09735790603159
38.09875952356119
38.100161141090794
38.101562758620396
38.10296437615
38.1043659936796
38.1057676112092
38.107169228738805
38.10857084626841
38.10997246379801
38.11137408132761
38.11277569885721
38.114177316386815
38.11557893391642
38.116979343266635
38.11837975266426
38.119780162188306
38.12118057171235
38.122580981236396
38.12398139076044
38.12538180028449
38.12678220980853
38.12818261933258
38.12958302885662
38.13098343838067
38.13238384790471
38.13378425742876
38.1351846669528
38.13658507647685
38.13798485112182
38.13938462579844
38.14078440046927
38.142184174986056
38.14358394950284
38.144983724019625
38.14638349853641
38.14778327305319
38.14918304756998
38.15058282208676
38.151982596603546
38.15338237112033
38.154782145637114
38.1561819201539
38.15757691944278
38.158972251862515
38.16036758426729
38.1617629166518
38.16315824902827
38.16455358140474
38.16594891378121
38.167344246157676
38.168739578534144
38.17013491091061
38.17153024328708
38.17292557566355
38.174320908040016
38.175716240416484
38.17711157279295
38.17850690516942
38.17990168466266
38.181296464274375
38.18269124413682
38.18408602390835
38.18548080367988
38.18687558345141
38.18827036322294
38.18966514299447
38.191059922766
38.19245470253753
38.19384948230906
38.19524426208059
38.19663904185212
38.19803382162365
38.199428601395184
38.2008244766449
38.202220351705414
38.20361622669787
38.205012101898426
38.20640797709898
38.20780385229954
38.2091997275001
38.21059560270066
38.211991477901215
38.21338735310177
38.21478322830233
38.21617910350289
38.217574978703446
38.218970853904004
38.22036672910456
38.22175753265145
38.22314833621161
38.224539139859125
38.22592994331749
38.227320746811984
38.228711550433204
38.23010235389157
38.23149315738606
38.23288396100728
38.234274764465646
38.23566556796014
38.23705637158136
38.238447175039724
38.23983797853422
38.24122878215544
38.242620661318256
38.24401254059282
38.24540441987415
38.246796299132676
38.2481881783912
38.24958005764973
38.25097193690826
38.252363816166785
38.25375569542531
38.25514757468384
38.256539453942366
38.257931333200894
38.25932321245942
38.26071509171795
38.262106970976475
38.26349429145412
38.26488161199009
38.26626893255271
38.267656253115334
38.269043573677955
38.270430894240576
38.2718182148032
38.27320553536582
38.27459285592844
38.27598017649106
38.27736749705368
38.2787548176163
38.280142138178924
38.281529458741545
38.282916779304166
38.28430626953472
38.28569575962769
38.2870852495478
38.28847473946791
38.289864229388016
38.29125371930812
38.29264320922823
38.29403269914834
38.29542218906845
38.296811678988554
38.29820116890866
38.29959065882877
38.30098014874888
38.302369638668985
38.30375912858909
38.305148571129486
38.30653801376305
38.307927456373704
38.30931689892526
38.310706341476816
38.31209578402837
38.31348522657993
38.314874669131484
38.31626411168304
38.317653554234596
38.31904299678615
38.32043243933771
38.321821881889264
38.32321132444082
38.324600766992376
38.32598725444617
38.32737374175122
38.32876022906454
38.33014671637787
38.331533203691194
38.33291969100452
38.334306178317846
38.33569266563117
38.3370791529445
38.33846564025782
38.33985212757115
38.341238614884475
38.3426251021978
38.344011589511126
38.34539807682445
38.346784849586946
38.34817162229853
38.34955839503468
38.350945167770824
38.35233194050697
38.35371871324312
38.355105485979266
38.35649225871541
38.35787903145156
38.35926580418771
38.360652576923854
38.36203934966
38.36342612239615
38.364812895132296
38.36619966786844
38.367586604557836
38.36897354131581
38.37036047784945
38.371747414383094
38.373134350916736
38.37452128745038
38.37590822398402
38.37729516051766
38.3786820970513
38.380069033584945
38.38145597011859
38.38284290665223
38.38422984318587
38.38561677971951
38.387003716253155
38.38839140957758
38.38977910280189
38.391166796294584
38.39255448987397
38.393942183337245
38.39532987678581
38.39671757024908
38.398105263654045
38.39949295718106
38.40088065064433
38.402268344092896
38.40365603755617
38.40504373096113
38.40643142448815
38.40781911795142
38.40920709067423
38.410595063518294
38.41198303633566
38.41337100930903
38.4147589822824
38.41614695525577
38.41753492822914
38.41892290120251
38.420310874175875
38.421698847149244
38.42308682012261
38.42447479309598
38.42586276606935
38.42725073904272
38.42863871201609
38.430026438225894
38.43141416445255
38.43280189048509
38.434189616708935
38.43557734283955
38.43696506887209
38.43835279509594
38.439740521226554
38.441128247259094
38.44251597348294
38.44390369961356
38.4452914256461
38.446679151869944
38.44806687800056
38.4494546040331
38.450841957954154
38.45222931212369
38.45361666580741
38.45500401969342
38.45639137357943
38.45777872746544
38.45916608135145
38.46055343523746
38.46194078912347
38.46332814300948
38.46471549689549
38.466102850781496
38.467490204667506
38.468877558553515
38.470264912439525
38.47165570238598
38.47304649263228
38.474437282755616
38.475828072878954
38.47721886300229
38.47860965312563
38.48000044324897
38.48139123337231
38.482782023495645
38.48417281361898
38.48556360374232
38.48695439386566
38.488345183989
38.489735974112335
38.49112676423567
38.49251463961105
38.49390251513408
38.4952903905951
38.49667826605612
38.49806614151714
38.49945401697816
38.50084189243918
38.502229767900204
38.503617643361224
38.505005518822244
38.506393394283265
38.507781269744285
38.509169145205306
38.510557020666326
38.511944896127346
38.513331402923576
38.514717909893456
38.516104416957404
38.51749092381676
38.51887743067611
38.52026393753547
38.52165044439482
38.52303695125418
38.52442345811353
38.525809964972886
38.52719647183224
38.528582978691595
38.52996948555095
38.531355992410305
38.53274249926966
38.53413313470925
38.535523769942515
38.53691440535856
38.5383050407746
38.53969567619065
38.54108631160669
38.542476947022735
38.54386758243878
38.54525821785482
38.54664885327087
38.54803948868691
38.549430124102955
38.550820759519
38.55221139493504
38.55360203035109
38.554990121366025
38.55637821247889
38.55776630363704
38.55915439473244
38.56054248582784
38.56193057692324
38.56331866801864
38.56470675911404
38.56609485020944
38.56748294130484
38.56887103240024
38.57025912349564
38.57164721459104
38.57303530568644
38.57442339678184
38.57581323963542
38.577203082374105
38.57859292498064
38.579982767587175
38.58137261019371
38.582762452800246
38.58415229540678
38.58554213801332
38.58693198061985
38.58832182322639
38.58971166583292
38.59110150843946
38.59249135104599
38.59388119365253
38.595271036259064
38.59665893039118
38.59804682469331
38.5994347190772
38.60082261346109
38.60221050784498
38.60359840222887
38.60498629661276
38.60637419099665
38.607762085380536
38.609149979764425
38.610537874148314
38.6119257685322
38.61331366291609
38.61470155729998
38.61608945168387
38.61747691532023
38.61886437908195
38.620251842725295
38.62163930636864
38.62302677001199
38.62441423365534
38.625801697298684
38.62718916094203
38.62857662458538
38.629964088228725
38.63135155187207
38.63273901551542
38.634126479158766
38.63551394280211
38.63690140644546
38.638290576144506
38.6396797457919
38.64106891565314
38.64245808540479
38.64384725515644
38.645236424908084
38.64662559465973
38.64801476441138
38.649403934163026
38.65079310391467
38.65218227366632
38.65357144341797
38.654960613169614
38.65634978292126
38.65773895267291
38.65912929033001
38.66051962777045
38.661909965413315
38.66330030305618
38.66469064069905
38.66608097834192
38.667471315984784
38.66886165362765
38.67025199127052
38.671642328913386
38.67303266655625
38.67442300419912
38.67581334184199
38.677203679484855
38.67859401712772
38.679983858462734
38.681373699728816
38.6827635409729
38.68415338239636
38.68554322381982
38.68693306524328
38.68832290666674
38.6897127480902
38.69110258951366
38.69249243093712
38.69388227236058
38.69527211378404
38.6966619552075
38.69805179663096
38.699441638054424
