0.0013734036936648882
0.002746807380586397
0.004120211200872428
0.005493614921737265
0.0068670187476625125
0.008240422598898752
0.00961382631976359
0.010987230145688838
0.012360633996925078
0.013734037717789915
0.015107441543715164
0.016480845394951402
0.017854249115816238
0.019227652941741485
0.020601056792977725
0.021975281041482705
0.023349505431312693
0.024723729675623862
0.0260979538725295
0.027472178069435138
0.028846402266340776
0.030220626463246414
0.03159485066015205
0.03296907485705769
0.03434329905396333
0.035717523250868966
0.0370917474477746
0.03846597164468024
0.03984019584158588
0.04121442003849152
0.042590753969502924
0.04396708779140063
0.0453434216718999
0.04671975550665877
0.04809608937292756
0.04947242310922007
0.050848756943978946
0.05222509081024773
0.053601424546540245
0.05497775838129912
0.056354092247567905
0.05773042598386042
0.05910675981861929
0.06048309368488808
0.06185942742118059
0.06323654109536485
0.06461365479630156
0.06599076864444531
0.06736788238930878
0.06874499613417226
0.07012210987903574
0.07149922362389921
0.07287633736876269
0.07425345111362616
0.07563056485848964
0.07700767860335311
0.07838479234821659
0.07976190609308006
0.08113901983794354
0.08251613358280702
0.08389618820815431
0.08527624268992048
0.08665629721909908
0.08803635168740001
0.08941640615570094
0.09079646062400187
0.0921765150923028
0.09355656956060374
0.09493662402890467
0.0963166784972056
0.09769673296550653
0.09907678743380746
0.10045684190210839
0.10183689637040932
0.10321695083871026
0.10459666120156556
0.10597637163526197
0.1073560821454668
0.10873579267174899
0.11011550319803118
0.11149521372431337
0.11287492425059556
0.11425463477687775
0.11563434530315994
0.11701405582944213
0.11839376635572432
0.11977347688200651
0.1211531874082887
0.1225328979345709
0.12391260846085309
0.12529019502070554
0.12666778144026064
0.12804536798762783
0.12942295462437675
0.13080054126112567
0.1321781278978746
0.1335557145346235
0.13493330117137242
0.13631088780812134
0.13768847444487026
0.13906606108161917
0.1404436477183681
0.141821234355117
0.14319882099186593
0.14457640762861484
0.14595597468478047
0.14733554132055224
0.14871510837891924
0.15009467516181477
0.1514742419447103
0.15285380872760582
0.15423337551050134
0.15561294229339687
0.1569925090762924
0.15837207585918792
0.15975164264208344
0.16113120942497897
0.1625107762078745
0.16389034299077002
0.16526990977366554
0.1666473350192813
0.16802476040375078
0.169402185625511
0.1707796107905384
0.172157036009531
0.1735344612285236
0.17491188644751618
0.17628931166650877
0.17766673688550136
0.17904416210449395
0.18042158732348654
0.18179901254247913
0.18317643776147172
0.1845538629804643
0.1859312881994569
0.18731009064583218
0.1886888929881578
0.19006769518221397
0.19144649737627015
0.19282529957032632
0.1942041017643825
0.19558290395843866
0.19696170615249484
0.198340508346551
0.19971931054060718
0.20109811273466335
0.20247691492871953
0.2038557171227757
0.20523451931683187
0.20661332151088804
0.2079898012282119
0.20936628091851764
0.21074276078754156
0.21211924057969933
0.2134957203718571
0.21487220016401487
0.21624867995617264
0.2176251597483304
0.21900163954048818
0.22037811933264595
0.22175459912480372
0.2231310789169615
0.22450755870911926
0.22588403850127703
0.2272605182934348
0.2286398066459313
0.2300190949251947
0.2313983830779076
0.2327776712884774
0.2341569594990472
0.23553624770961698
0.23691553592018677
0.23829482413075656
0.23967411234132635
0.24105340055189614
0.24243268876246593
0.24381197697303572
0.2451912651836055
0.2465705533941753
0.2479498416047451
0.24932673827801397
0.2507036350220804
0.2520805317627279
0.25345742833157814
0.2548343249004284
0.25621122146927866
0.2575881180381289
0.2589650146069792
0.26034191117582944
0.2617188077446797
0.26309570431352997
0.2644726008823802
0.2658494974512305
0.26722639402008075
0.268603290588931
0.2699829378737877
0.2713625850910185
0.27274223214709203
0.274121879363887
0.27550152658068194
0.2768811737974769
0.27826082101427185
0.2796404682310668
0.28102011544786176
0.2823997626646567
0.28377940988145167
0.2851590570982466
0.2865387043150416
0.28791835153183654
0.2892979987486315
0.29067991115027436
0.29206182323109076
0.2934437355156025
0.294825647546867
0.29620755957813155
0.2975894716093961
0.2989713836406606
0.30035329567192515
0.3017352077031897
0.3031171197344542
0.30449903176571874
0.3058809437969833
0.3072628558282478
0.30864476785951234
0.31002667989077687
0.3114069204040113
0.3127871609404661
0.3141674015912149
0.31554764224196374
0.31692788289271256
0.3183081235434614
0.3196883641942102
0.321068604844959
0.32244884549570785
0.32382908614645667
0.3252093267972055
0.3265895674479543
0.32796980809870313
0.32935004874945195
0.33073028940020077
0.3321124889497643
0.3334946884140405
0.3348768877413692
0.33625908733581683
0.33764128693026446
0.3390234865247121
0.3404056861191597
0.34178788571360735
0.343170085308055
0.3445522849025026
0.34593448449695025
0.3473166840913979
0.3486988836858455
0.35008108328029314
0.35146328287474077
0.3528450773138228
0.3542268720510575
0.3556086668043001
0.35699046165856335
0.3583722565128266
0.3597540513670899
0.36113584622135314
0.3625176410756164
0.36389943592987967
0.36528123078414293
0.3666630256384062
0.36804482049266946
0.3694266153469327
0.370808410201196
0.37219020505545924
0.37357253692206743
0.37495486858627974
0.3763372001275819
0.37771953173410233
0.3791018633406228
0.38048419494714325
0.3818665265536637
0.38324885816018417
0.38463118976670463
0.3860135213732251
0.38739585297974555
0.388778184586266
0.39016051619278647
0.3915428477993069
0.3929251794058274
0.3943063443880801
0.3956875093063994
0.3970686741272201
0.3984498389332217
0.39983100373922337
0.401212168545225
0.40259333335122666
0.4039744981572283
0.40535566296322995
0.4067368277692316
0.40811799257523323
0.4094991573812349
0.4108803221872365
0.41226148699323817
0.4136426517992398
0.4150254004643203
0.41640814908785545
0.41779089774959083
0.41917364620810904
0.42055639466662725
0.42193914312514547
0.4233218915836637
0.4247046400421819
0.4260873885007001
0.4274701369592183
0.42885288541773653
0.43023563387625474
0.43161838233477295
0.43300113079329117
0.4343838792518094
0.43576742328439005
0.4371509671965086
0.4385345111553453
0.4399180550637971
0.4413015989722489
0.4426851428807007
0.4440686867891525
0.4454522306976043
0.4468357746060561
0.4482193185145079
0.4496028624229597
0.4509864063314115
0.4523699502398633
0.4537534941483151
0.4551370380567669
0.4565195876345642
0.45790213719726514
0.45928468685666957
0.4606672365861146
0.4620497863155596
0.4634323360450046
0.4648148857744496
0.46619743550389464
0.46757998523333966
0.46896253496278467
0.4703450846922297
0.4717276344216747
0.4731101841511197
0.47449273388056473
0.47587528361000975
0.47725489732624443
0.47863451101603866
0.48001412482279326
0.4813937385223137
0.48277335222183415
0.4841529659213546
0.48553257962087504
0.4869121933203955
0.4882918070199159
0.48967142071943637
0.4910510344189568
0.49243064811847725
0.4938102618179977
0.49518987551751814
0.4965694892170386
0.49795156729763307
0.49933364526767227
0.5007157233731825
0.5020978012124849
0.5034798790517874
0.5048619568910898
0.5062440347303923
0.5076261125696947
0.5090081904089971
0.5103902682482996
0.511772346087602
0.5131544239269045
0.5145365017662069
0.5159185796055094
0.5173006574448118
0.5186864378195754
0.5200722181012618
0.5214579982846632
0.5228437784466965
0.5242295586087298
0.525615338770763
0.5270011189327963
0.5283868990948296
0.5297726792568629
0.5311584594188962
0.5325442395809294
0.5339300197429627
0.535315799904996
0.5367015800670293
0.5380873602290626
0.5394826189110857
0.5408778775995942
0.5422731361174872
0.5436683946138859
0.5450636531102847
0.5464589116066835
0.5478541701030822
0.549249428599481
0.5506446870958798
0.5520399455922785
0.5534352040886773
0.5548304625850761
0.5562257210814748
0.5576209795778736
0.5590162380742724
0.5604086604063665
0.5618010827024933
0.5631935051268349
0.5645859275511764
0.565978349975518
0.5673707723998596
0.5687631948242011
0.5701556172485427
0.5715480396728843
0.5729404620972258
0.5743328845215674
0.575725306945909
0.5771177293702505
0.5785101517945921
0.5799025742189337
0.5812938760864829
0.5826851778727286
0.5840764797835037
0.5854677816167678
0.5868590835266683
0.5882503854374435
0.5896416872707075
0.591032989180608
0.5924242910913832
0.5938155929246473
0.5952068948345477
0.5965981967453229
0.597989498578587
0.5993808004884874
0.6007721023992626
0.6021663293134601
0.603560556193422
0.604954782920299
0.6063490098617188
0.6077432368031386
0.6091374637445583
0.6105316906859781
0.6119259176273979
0.6133201445688177
0.6147143715102374
0.6161085984516572
0.617502825393077
0.6188970523344968
0.6202912792759165
0.6216855062173363
0.6230796688032318
0.6244738314056657
0.6258679939384644
0.627262156471263
0.6286563190040617
0.6300504815368604
0.6314446440696591
0.6328388066024577
0.6342329691352564
0.6356271316680551
0.6370212942008537
0.6384154567336524
0.6398096192664511
0.6412037817992498
0.6425979443320484
0.6439911035864433
0.6453842625599951
0.6467774218980837
0.6481705812361723
0.6495637405742609
0.6509568999123495
0.6523500592504381
0.6537432185885267
0.6551363779266153
0.6565295372647039
0.6579226966027925
0.659315855940881
0.6607090152789696
0.6621021746170582
0.6634953339551468
0.6648890679319428
0.666282801655576
0.6676765352616338
0.669070268869342
0.6704640024770501
0.6718577360847582
0.6732514696924663
0.6746452033001744
0.6760389369078825
0.6774326705155906
0.6788264041232988
0.6802201377310069
0.681613871338715
0.6830076049464231
0.6844013385541312
0.6857962113020454
0.6871910842013842
0.6885859569833023
0.6899808297500186
0.691375702516735
0.6927705752834513
0.6941654480501677
0.695560320816884
0.6969551935836004
0.6983500663503167
0.6997449391170331
0.7011398118837494
0.7025346846504658
0.7039295574171821
0.7053244301838985
0.7067177595426338
0.7081110887356813
0.7095044180806338
0.7108977474075251
0.712291076633704
0.713684405943198
0.7150777352700893
0.7164710644962682
0.7178643938057623
0.7192577231326536
0.7206510523588324
0.7220443816683265
0.7234377109952178
0.7248310402213967
0.7262243695308908
0.7276173162971588
0.7290102631364442
0.730403209993163
0.7317961568015362
0.7331891036099094
0.7345820504182826
0.7359749972266558
0.737367944035029
0.7387608908434022
0.7401538376517754
0.7415467844601487
0.7429397312685219
0.7443326780768951
0.7457256248852683
0.7471185716936415
0.7485117522662563
0.7499049326029397
0.7512981129347341
0.7526912932930221
0.75408447365131
0.755477654009598
0.7568708343678859
0.7582640147261739
0.7596571950844618
0.7610503754427498
0.7624435558010377
0.7638367361593257
0.7652299165176136
0.7666230968759016
0.7680162772341895
0.7694122095324882
0.7708081417658388
0.7722040738904996
0.7736000058606265
0.7749959378307534
0.7763918698008803
0.7777878017710071
0.779183733741134
0.7805796657112609
0.7819755976813878
0.7833715296515147
0.7847674616216416
0.7861633935917685
0.7875593255618953
0.7889552575320222
0.7903515729716583
0.7917478884892662
0.7931442041926078
0.7945405196702581
0.7959368351479084
0.7973331506255587
0.7987294661032089
0.8001257815808592
0.8015220970585095
0.8029184125361598
0.8043147280138101
0.8057110434914604
0.8071073589691107
0.808503674446761
0.8098999899244113
0.8112908676448655
0.812681745419868
0.8140726232718436
0.8154635011877867
0.8168543791037297
0.8182452570196728
0.8196361349356158
0.8210270128515589
0.8224178907675019
0.823808768683445
0.825199646599388
0.8265905245153311
0.8279814024312742
0.8293722803472172
0.8307631582631603
0.832157647134027
0.8335521358405673
0.8349466247462186
0.8363411136801819
0.8377356026141453
0.8391300915481086
0.8405245804820719
0.8419190694160352
0.8433135583499985
0.8447080472839619
0.8461025362179252
0.8474970251518885
0.8488915140858518
0.8502860030198152
0.8516804919537785
0.85307372950785
0.8544669672905015
0.8558602049261501
0.8572534425617987
0.8586466801974473
0.8600399178330959
0.8614331554687444
0.862826393104393
0.8642196307400416
0.8656128683756902
0.8670061060113388
0.8683993436469873
0.8697925812826359
0.8711858189182845
0.8725790565539331
0.873971030790368
0.8753630053395051
0.8767549797239355
0.8781469540993745
0.8795389284748135
0.8809309028502526
0.8823228772256916
0.8837148516011306
0.8851068259765696
0.8864988003520087
0.8878907747274477
0.8892827491028867
0.8906747234783258
0.8920666978537648
0.8934586722292038
0.8948494184877847
0.8962401650094467
0.8976309113499286
0.8990216577678717
0.9004124041247038
0.9018031504815359
0.903193896838368
0.9045846431952002
0.9059753895520323
0.9073661359088644
0.9087568822656965
0.9101476286225286
0.9115383749793607
0.9129291213361929
0.9484764552648216
0.9829224043716509
1.0173683535220868
1.0518143026613087
1.0862602518005307
1.1207062009397526
1.1551521500789745
1.1895980992181965
1.2240440483574184
1.2584899974966404
1.2929359466358623
1.3273818957750843
1.3618278449143062
1.3962737940535281
1.43071974319275
1.465165692331972
1.501396096346487
1.5376265004028908
1.573856904378028
1.610087308353165
1.6463177123283022
1.6825481163034393
1.7187785202785764
1.7550089242537135
1.7912393282288506
1.8274697322039877
1.8637001361791248
1.8999305401542619
1.936160944129399
1.972391348104536
2.0086217520796734
2.0418368926072517
2.0750520330136824
2.1082671735653644
2.1414823140781993
2.1746974545910343
2.207912595103869
2.241127735616704
2.274342876129539
2.307558016642374
2.340773157155209
2.3739882976680438
2.4072034381808787
2.4404185786937136
2.4736337192065485
2.5068488597193834
2.5399704821571785
2.5730921046000526
2.6062137271400054
2.639335349610955
2.6724569721509077
2.705578594621857
2.73870021716181
2.7718218396327594
2.8049434621727123
2.8380650846436617
2.8711867071836146
2.904308329654564
2.937429952194517
2.9705515746654663
3.003673197205419
3.039536511474671
3.075399825805933
3.11126314009283
3.147126454379727
3.1829897686666238
3.2188530829535207
3.2547163972404176
3.2905797115273145
3.3264430258142115
3.3623063401011084
3.3981696543880053
3.4340329686749023
3.469896282961799
3.505759597248696
3.541622911535593
3.576910816824605
3.612198722202179
3.6474866273729543
3.6827745326277395
3.7180624377985145
3.7533503430532997
3.788638248224075
3.82392615347886
3.859214058649635
3.8945019639044203
3.9297898690751953
3.9650777743299805
4.000365679500756
4.035653584755541
4.070941489926316
4.105734167907294
4.140526845885278
4.175319523846293
4.210112201807307
4.244904879768322
4.279697557729337
4.314490235690352
4.349282913651367
4.3840755916123815
4.418868269573396
4.453660947534411
4.488453625495426
4.523246303456441
4.558038981417456
4.59283165937847
4.627830258627693
4.662828858005284
4.6978274572841965
4.732826056516062
4.767824655636106
4.802823255038458
4.837821854270324
4.872820453390368
4.9078190527927195
4.942817652024585
4.977816251144629
5.012814850546981
5.047813449778847
5.082812048898891
5.117810648301242
5.153354879862796
5.188899111341618
5.224443342677606
5.259987574013595
5.295531805349583
5.331076036685571
5.36662026802156
5.402164499357548
5.4377087306935366
5.473252962029525
5.508797193365513
5.544341424701502
5.57988565603749
5.6154298873734785
5.650974118709467
5.686591976260162
5.722209833890746
5.757827691356613
5.7934455489905305
5.8290634066189595
5.864681264084826
5.900299121718744
5.935916979347173
5.971534836813039
6.007152694446957
6.042770552075386
6.078388409541253
6.114006267175171
6.1496241248036
6.185241982269466
6.22047598510301
6.255709987858005
6.29094399060712
6.326177993356236
6.3614119961053515
6.396645998854467
6.431880001603583
6.467114004352698
6.502348007101814
6.537582009850929
6.572816012600045
6.608050015349161
6.643284018098276
6.678518020847392
6.713752023596507
6.7508531021162375
6.787954180608359
6.825055259195251
6.862156337664789
6.899257416251681
6.936358494721219
6.97345957330811
7.010560651777649
7.04766173036454
7.084762808834078
7.12186388742097
7.158964965890508
7.1960660444774
7.233167122946938
7.270268201533829
7.306417493262201
7.342566784882934
7.378716076434155
7.41486536803287
7.451014659631585
7.4871639512303
7.523313242829015
7.5594625344277295
7.5956118260264445
7.631761117625159
7.667910409223874
7.704059700822589
7.740208992421304
7.776358284020019
7.812507575618734
7.8482384361927835
7.883969296908785
7.919700157560848
7.95543101821291
7.991161878864973
8.026892739517036
8.062623600169099
8.098354460821161
8.134085321473224
8.169816182125286
8.205547042777349
8.241277903429411
8.277008764081474
8.312739624733537
8.348470485385599
8.384954085900599
8.421437686368382
8.457921286985002
8.494404887601622
8.530888488218242
8.567372088834862
8.603855689451482
8.640339290068102
8.676822890684722
8.713306491301342
8.749790091917962
8.786273692534582
8.822757293151202
8.859240893767822
8.895724494384442
8.93051207469622
8.96529965493057
9.000087235176132
9.034874815421693
9.069662395667255
9.104449975912816
9.139237556158378
9.17402513640394
9.2088127166495
9.243600296895062
9.278387877140624
9.313175457386185
9.347963037631747
9.382750617877308
9.41753819812287
9.45307427298803
9.48861034793665
9.524146422767908
9.559682497599166
9.595218572430424
9.630754647261682
9.66629072209294
9.701826796924198
9.737362871755456
9.772898946586714
9.808435021417973
9.84397109624923
9.879507171080489
9.915043245911747
9.950579320743005
9.986135693052212
10.021692065521794
10.05724843789844
10.092804810221345
10.12836118254425
10.163917554867155
10.19947392719006
10.235030299512964
10.270586671835868
10.306143044158773
10.341699416481678
10.377255788804582
10.412812161127487
10.448368533450392
10.483924905773296
10.519666295237004
10.555407684722717
10.591149074303665
10.626890463884614
10.662631853465562
10.698373243046511
10.73411463262746
10.769856022208408
10.805597411789357
10.841338801370306
10.877080190951254
10.912821580532203
10.948562970113151
10.9843043596941
11.020045749275049
11.05559576741653
11.09114578551947
11.126695803622411
11.162245821725351
11.197795839828292
11.233345857931232
11.268895876034172
11.304445894137112
11.339995912240052
11.375545930342993
11.411095948445933
11.446645966548873
11.482195984651813
11.517746002754754
11.553296020857694
11.587672929335463
11.62204983772316
11.656426746110858
11.69080365460429
11.725180562991987
11.759557471485419
11.793934379873116
11.828311288366548
11.862688196754245
11.897065105247677
11.931442013635374
11.965818922128806
12.000195830516503
12.034572739009935
12.068949647397632
12.102004491111769
12.135059334757106
12.1681141783873
12.201169022032637
12.234223865662832
12.267278709308169
12.300333552938364
12.3333883965837
12.366443240213895
12.399498083859232
12.432552927489427
12.465607771134763
12.498662614764958
12.531717458410295
12.56477230204049
12.566160063592175
12.567547825417336
12.568935587183262
12.570323349039635
12.571711110896008
12.57309887275238
12.574486634608753
12.575874396465126
12.5772621583215
12.578649920177872
12.580037682034245
12.581425443890618
12.58281320574699
12.584200967603364
12.585588729459737
12.58697709414163
12.5883654584753
12.589753822893183
12.591142187363594
12.592530551834006
12.593918916304418
12.59530728077483
12.59669564524524
12.598084009715652
12.599472374186064
12.600860738656475
12.602249103126887
12.603637467597299
12.60502583206771
12.606414196538122
12.607800656617906
12.609187116571183
12.610573576506136
12.611960036601722
12.613346496697309
12.614732956792896
12.616119416888482
12.617505876984069
12.618892337079656
12.620278797175242
12.621665257270829
12.623051717366415
12.624438177462002
12.625824637557589
12.627211097653175
12.628596557976604
12.629982018363316
12.631367478810596
12.632752939208526
12.634138399606456
12.635523860004387
12.636909320402317
12.638294780800248
12.639680241198178
12.641065701596109
12.642451161994039
12.64383662239197
12.6452220827899
12.64660754318783
12.647984919827328
12.64936282047273
12.65074072082298
12.652118621041682
12.653496521240983
12.654874421440285
12.656252321639586
12.657630221838888
12.65900812203819
12.66038602223749
12.661763922436792
12.663141822636094
12.664519722835395
12.665897623034697
12.667275523233998
12.6686534234333
12.670030454677931
12.671407486036742
12.67278451708692
12.67416154841291
12.675538579738898
12.676915611064887
12.678292642390875
12.679669673716864
12.681046705042853
12.682423736368841
12.68380076769483
12.685177799020819
12.686554830346807
12.687931861672796
12.689308892998785
12.690687647234721
12.692066401287404
12.693445155362271
12.694823909504523
12.696202663646774
12.697581417789026
12.698960171931278
12.70033892607353
12.701717680215781
12.703096434358033
12.704475188500284
12.705853942642536
12.707232696784788
12.70861145092704
12.70999020506929
12.711361024587386
12.712731844259395
12.71410266409076
12.715473483907584
12.716844303734474
12.718215123423775
12.719585943240599
12.72095676306749
12.72232758275679
12.723698402573614
12.725069222400505
12.726440042089806
12.72781086190663
12.72918168173352
12.730552501422821
12.731924988689798
12.73329747575039
12.734669962933278
12.736042450167401
12.737414937401525
12.738787424635648
12.740159911869771
12.741532399103894
12.742904886338017
12.74427737357214
12.745649860806264
12.747022348040387
12.74839483527451
12.749767322508633
12.751139809742757
12.752505309701588
12.753870809700528
12.75523630975062
12.756601809800712
12.757967309850804
12.759332809900895
12.760698309950987
12.762063810001079
12.76342931005117
12.764794810101263
12.766160310151355
12.767525810201446
12.768891310251538
12.77025681030163
12.771622310351722
12.772991121830007
12.774359933498353
12.77572874495939
12.777097556420426
12.778466367881462
12.779835179342498
12.781203990803535
12.782572802264571
12.783941613725608
12.785310425186644
12.78667923664768
12.788048048108717
12.789416859569753
12.79078567103079
12.792154482491826
12.793523221587563
12.794891960601785
12.796260699547162
12.797629438377824
12.798998177208485
12.800366916039147
12.801735654869809
12.80310439370047
12.804473132531133
12.805841871361794
12.807210610192456
12.808579349023118
12.80994808785378
12.811316826684441
12.812685565515103
12.8140498058164
12.815414046152213
12.81677828651209
12.818142526871966
12.819506767231843
12.82087100759172
12.822235247951596
12.823599488311473
12.82496372867135
12.826327969031226
12.827692209391103
12.82905644975098
12.830420690110856
12.831784930470732
12.833149170830609
12.834513842543958
12.835878514274782
12.837243185933717
12.838607857592653
12.839972529251588
12.841337200910523
12.842701872569458
12.844066544228394
12.845431215887329
12.846795887546264
12.8481605592052
12.849525230864135
12.85088990252307
12.852254574182005
12.85361924584094
12.8549841651657
12.856349084492457
12.857714004168113
12.859078923843768
12.860443843519423
12.861808763195079
12.863173682870734
12.86453860254639
12.865903522222045
12.8672684418977
12.868633361573355
12.86999828124901
12.871363200924666
12.872728120600321
12.874093040275977
12.875459104676573
12.876825169042409
12.878191233598116
12.879557297959746
12.880923362441562
12.882289426803803
12.883655491388284
12.885021556038716
12.886387620471126
12.887753684952942
12.889119749315183
12.890485813899664
12.891851878550096
12.893217942982506
12.894584007464323
12.895950495478951
12.897316983289457
12.898683471243936
12.900049959255496
12.901416447267055
12.902782935278614
12.904149423290173
12.905515911301732
12.906882399313291
12.90824888732485
12.90961537533641
12.910981863347969
12.912348351359528
12.913714839371087
12.915081327382646
12.916447441180235
12.917813555102706
12.919179669050514
12.920545782810569
12.921911896834603
12.923278010782411
12.924644124542466
12.9260102385665
12.927376352514308
12.928742466274363
12.930108580298397
12.931474694246205
12.93284080800626
12.934206922030294
12.935573035978102
12.936938586394492
12.938304137141463
12.93966968752901
12.941035238169727
12.942400788810444
12.94376633945116
12.945131890091877
12.946497440732594
12.947862991373311
12.949228542014028
12.950594092654745
12.951959643295462
12.953325193936179
12.954690744576896
12.956056295217612
12.957427094004839
12.958797892793848
12.960168691693179
12.961539490592509
12.96291028949184
12.96428108839117
12.9656518872905
12.96702268618983
12.96839348508916
12.969764283988491
12.971135082887821
12.972505881787152
12.973876680686482
12.975247479585812
12.976618278485143
12.977984618625076
12.979350958959323
12.98071729897981
12.982083639000297
12.983449979020785
12.984816319041272
12.98618265906176
12.987548999082247
12.988915339102734
12.990281679123221
12.991648019143708
12.993014359164196
12.994380699184683
12.99574703920517
12.997113379225658
12.99847764930611
12.999841919349452
13.001206189324886
13.002570459451878
13.00393472957887
13.005298999705861
13.006663269832853
13.008027539959844
13.009391810086836
13.010756080213827
13.012120350340819
13.01348462046781
13.014848890594802
13.016213160721794
13.017577430848785
13.018947993071807
13.020318555405948
13.021689117534445
13.023059679662941
13.024430241791437
13.025800803919934
13.02717136604843
13.028541928176926
13.029912490305422
13.031283052433919
13.032653614562415
13.034024176690911
13.035394738819408
13.036765300947904
13.0381358630764
13.039502531919311
13.040869200550357
13.042235869427554
13.043602538163372
13.04496920689919
13.046335875635007
13.047702544370825
13.049069213106643
13.05043588184246
13.051802550578278
13.053169219314096
13.054535888049914
13.055902556785732
13.05726922552155
13.058635894257367
13.060005244641491
13.061374595181158
13.062743945500031
13.064113295818904
13.065482646137777
13.06685199645665
13.068221346775523
13.069590697094396
13.07096004741327
13.072329397732142
13.073698748051015
13.075068098369888
13.076437448688761
13.077806799007634
13.079176149326507
13.080542518100751
13.081908886884579
13.083275255695478
13.084641624506377
13.086007993317276
13.087374362128175
13.088740730939074
13.090107099749973
13.091473468560872
13.092839837371772
13.09420620618267
13.09557257499357
13.096938943804469
13.098305312615368
13.099671681426267
13.101037398183518
13.102403114808567
13.103768831535142
13.105134548261717
13.106500264988291
13.107865981714866
13.109231698441441
13.110597415168016
13.11196313189459
13.113328848621165
13.11469456534774
13.116060282074315
13.11742599880089
13.118791715527465
13.12015743225404
13.121525754925337
13.122894077535719
13.124262400146101
13.125630722858155
13.126999045570209
13.128367368282262
13.129735690994316
13.13110401370637
13.132472336418424
13.133840659130477
13.135208981842531
13.136577304554585
13.137945627266639
13.139313949978693
13.140682272690746
13.142052379547515
13.14342248624724
13.144792592907725
13.14616269956821
13.147532806228694
13.148902912889179
13.150273019549664
13.151643126210148
13.153013232870633
13.154383339531117
13.155753446191602
13.157123552852086
13.15849365951257
13.159863766173055
13.16123387283354
13.162603220862074
13.163972568928509
13.165341916946867
13.166711265143348
13.16808061333983
13.169449961536312
13.170819309732794
13.172188657929276
13.173558006125758
13.17492735432224
13.176296702518721
13.177666050715203
13.179035398911685
13.180404747108167
13.181774095304648
