0.00137004446900153
0.002740088945447805
0.004110133407373201
0.005480177960087359
0.006850222413876547
0.008220266803065203
0.009590311355779362
0.010960355809568549
0.012330400198757205
0.013700444751471363
0.015070489205260551
0.01644053359444921
0.017810578147163365
0.019180622600952553
0.02055066699014121
0.021921570701551978
0.02329247446132835
0.024663378174654145
0.026034281800640057
0.02740518542662597
0.02877608905261188
0.030146992678597793
0.03151789630458371
0.032888799930569625
0.03425970355655554
0.035630607182541456
0.03700151080852737
0.03837241443451329
0.0397433180604992
0.04111422168648512
0.04248735120206192
0.0438604806835404
0.04523361012744964
0.04660673975119883
0.04797986933126605
0.0493529987586631
0.050726128382412285
0.05209925796247951
0.05347238738987656
0.05484551701362574
0.05621864659369297
0.057591776021090016
0.0589649056448392
0.060338035224906425
0.061711164652303474
0.06308511756601894
0.06445907035091354
0.06583302324491275
0.06720697611657418
0.06858092898823562
0.06995488185989705
0.07132883473155849
0.07270278760321992
0.07407674047488136
0.0754506933465428
0.07682464621820423
0.07819859908986566
0.0795725519615271
0.08094650483318853
0.08232045770484997
0.08369751190870885
0.08507456608212607
0.08645162020341189
0.0878286741149959
0.0892057280265799
0.09058278193816391
0.09195983584974791
0.09333688976133192
0.09471394367291593
0.09609099758449993
0.09746805149608394
0.09884510540766794
0.10022215931925195
0.10159921323083596
0.10297626714241996
0.10435295806246314
0.10572964922218528
0.10710634056043813
0.10848303188699766
0.10985972321355719
0.11123641454011672
0.11261310586667625
0.11398979719323578
0.11536648851979531
0.11674317984635484
0.11811987117291436
0.1194965624994739
0.12087325382603342
0.12224994515259295
0.12362663647915248
0.1250010876737825
0.12637553911260851
0.1277499902589877
0.12912444144588656
0.1304988926327854
0.13187334381968427
0.13324779500658313
0.13462224619348198
0.13599669738038084
0.1373711485672797
0.13874559975417855
0.1401200509410774
0.14149450212797626
0.14286895331487512
0.14424340450177398
0.14561994449644047
0.14699648429393675
0.14837302428134053
0.14974956414030538
0.15112610399927023
0.1525026438582351
0.15387918371719994
0.1552557235761648
0.15663226343512965
0.1580088032940945
0.15938534315305936
0.1607618830120242
0.16213842287098906
0.16351496272995392
0.16489150258891877
0.16626578385386637
0.1676400653854662
0.16901434679106045
0.17038862806641691
0.17176290956241488
0.17313719105841285
0.17451147255441082
0.1758857540504088
0.17726003554640676
0.17863431704240473
0.1800085985384027
0.18138288003440067
0.18275716153039864
0.1841314430263966
0.18550572452239458
0.18688145815367047
0.18825719144401112
0.18963292485524652
0.19100865826648192
0.19238439167771731
0.1937601250889527
0.1951358585001881
0.1965115919114235
0.1978873253226589
0.1992630587338943
0.2006387921451297
0.2020145255563651
0.2033902589676005
0.2047659923788359
0.20614172579007128
0.20751500932814576
0.20888829281247412
0.210261576337114
0.2116348600396295
0.213008143742145
0.2143814274446605
0.21575471114717598
0.21712799484969147
0.21850127855220697
0.21987456225472246
0.22124784595723795
0.22262112965975345
0.22399441336226894
0.22536769706478443
0.22674098076729993
0.22811722702236034
0.22949347287205762
0.230869718939193
0.2322459649136469
0.2336222108881008
0.23499845686255472
0.23637470283700862
0.23775094881146253
0.23912719478591643
0.24050344076037034
0.24187968673482424
0.24325593270927814
0.24463217868373205
0.24600842465818595
0.24738467063263986
0.24875839431002142
0.25013211811035024
0.25150584186812297
0.25287956562315267
0.25425328937818237
0.25562701313321207
0.25700073688824177
0.25837446064327146
0.25974818439830116
0.26112190815333086
0.26249563190836056
0.26386935566339026
0.26524307941841996
0.26661680317344966
0.26799052692847936
0.26936715175594445
0.2707437760841998
0.27212040066322934
0.27349702526201136
0.2748736498607934
0.2762502744595754
0.2776268990583574
0.27900352365713943
0.28038014825592145
0.28175677285470346
0.2831333974534855
0.2845100220522675
0.2858866466510495
0.28726327124983153
0.28863989584861355
0.2900189095435921
0.2913979230643613
0.29277693657399717
0.29415595000860056
0.29553496344320396
0.29691397687780735
0.29829299031241074
0.29967200374701414
0.30105101718161753
0.3024300306162209
0.3038090440508243
0.3051880574854277
0.3065670709200311
0.3079460843546345
0.3093250977892379
0.3107023481121068
0.3120795985938589
0.31345684895436987
0.3148340993148808
0.3162113496753918
0.3175886000359027
0.3189658503964137
0.3203431007569246
0.3217203511174356
0.3230976014779465
0.3244748518384575
0.32585210219896843
0.3272293525594794
0.32860660291999033
0.3299838532805013
0.3313631698879653
0.33274248661004746
0.33412180326720403
0.3355011199795761
0.33688043669194817
0.33825975340432024
0.3396390701166923
0.3410183868290644
0.34239770354143645
0.3437770202538085
0.3451563369661806
0.34653565367855266
0.3479149703909247
0.3492942871032968
0.35067360381566887
0.3520524932027468
0.35343138294629417
0.35481027261014025
0.35618916227500697
0.3575680519398737
0.3589469416047404
0.3603258312696071
0.3617047209344738
0.3630836105993405
0.36446250026420723
0.36584138992907395
0.36722027959394066
0.36859916925880737
0.3699780589236741
0.3713569485885408
0.37273640485402915
0.3741158607721817
0.37549531676737175
0.37687477270767467
0.3782542286479776
0.3796336845882805
0.3810131405285834
0.38239259646888635
0.38377205240918927
0.3851515083494922
0.3865309642897951
0.38791042023009803
0.38928987617040095
0.39066933211070387
0.3920487880510068
0.39342701339003394
0.39480523892452896
0.3961834643988574
0.3975616898899216
0.3989399153809858
0.40031814087205
0.4016963663631142
0.4030745918541784
0.4044528173452426
0.4058310428363068
0.407209268327371
0.4085874938184352
0.4099657193094994
0.4113439448005636
0.4127221702916278
0.4141020663561335
0.4154819623083565
0.4168618582810655
0.418241754264358
0.4196216502476505
0.42100154623094305
0.42238144221423557
0.4237613381975281
0.4251412341808206
0.42652113016411314
0.42790102614740566
0.4292809221306982
0.4306608181139907
0.43204071409728323
0.43342061008057575
0.4348013449698407
0.4361820798856911
0.4375628147621276
0.43894354958363785
0.4403242844051481
0.44170501922665834
0.4430857540481686
0.4444664888696788
0.44584722369118907
0.4472279585126993
0.44860869333420955
0.4499894281557198
0.45137016297723004
0.4527508977987403
0.4541316326202505
0.4555113186180036
0.45689100447542735
0.4582706903133554
0.4596503763503111
0.4610300623872668
0.4624097484242225
0.4637894344611782
0.4651691204981339
0.4665488065350896
0.46792849257204533
0.46930817860900104
0.47068786464595674
0.47206755068291245
0.47344723671986816
0.47482692275682387
0.4762035117443663
0.47758010094403175
0.47895669005788144
0.48033327918529384
0.48170986831270624
0.48308645744011863
0.48446304656753103
0.48583963569494343
0.4872162248223558
0.4885928139497682
0.4899694030771806
0.491345992204593
0.4927225813320054
0.4940991704594178
0.4954757595868302
0.4968549482412385
0.4982341367878146
0.49961332540773906
0.5009925138856748
0.5023717023636105
0.5037508908415462
0.505130079319482
0.5065092677974177
0.5078884562753534
0.5092676447532891
0.5106468332312248
0.5120260217091606
0.5134052101870963
0.514784398665032
0.5161635871429677
0.5175466814541465
0.518929775475564
0.5203128693874275
0.5216959635102573
0.523079057633087
0.5244621517559168
0.5258452458787466
0.5272283400015764
0.5286114341244061
0.5299945282472359
0.5313776223700657
0.5327607164928955
0.5341438106157252
0.535526904738555
0.5369099988613848
0.5383036326722851
0.5396972662597802
0.5410908997427858
0.5424845335059674
0.543878167269149
0.5452718010323305
0.5466654347955121
0.5480590685586937
0.5494527023218753
0.5508463360850568
0.5522399698482384
0.55363360361142
0.5550272373746016
0.5564208711377832
0.5578145049009647
0.5592051451309149
0.5605957853288341
0.5619864255418597
0.5633770657548853
0.5647677059679109
0.5661583461809365
0.5675489863939621
0.5689396266069877
0.5703302668200133
0.5717209070330389
0.5731115472460645
0.5745021874590901
0.5758928276721157
0.5772834678851413
0.5786741080981669
0.5800635656795684
0.5814530235599991
0.5828424813778412
0.5842319393468777
0.585621397238578
0.5870108550564201
0.5884003130254566
0.5897897709171569
0.5911792287349991
0.5925686867040355
0.5939581445957358
0.595347602413578
0.5967370603826144
0.5981265182743147
0.5995159760921569
0.6009085208315477
0.6023010655865676
0.6036936102759209
0.6050861549123164
0.6064786995487119
0.6078712441851074
0.6092637888215029
0.6106563334578984
0.6120488780942939
0.6134414227306894
0.6148339673670848
0.6162265120034803
0.6176190566398758
0.6190116012762713
0.6204041459126668
0.621796622524464
0.6231890994301301
0.624581576100275
0.6259740527704198
0.6273665294405647
0.6287590061107096
0.6301514827808544
0.6315439594509993
0.6329364361211441
0.634328912791289
0.6357213894614339
0.6371138661315787
0.6385063428017236
0.6398988194718684
0.6412912961420133
0.6426827139650804
0.6440741317588895
0.6454655494229423
0.6468569670869951
0.648248384751048
0.6496398024151008
0.6510312200791536
0.6524226377432064
0.6538140554072592
0.655205473071312
0.6565968907353649
0.6579883083994177
0.6593797260634705
0.6607711437275233
0.6621625613915761
0.6635545855907772
0.6649466096029232
0.6663386338408299
0.6677306578710241
0.6691226819012184
0.6705147059314126
0.6719067299616068
0.6732987539918011
0.6746907780219953
0.6760828020521895
0.6774748260823837
0.678866850112578
0.6802588741427722
0.6816508981729664
0.6830429222031607
0.6844361486457887
0.6858293751402933
0.6872226014073542
0.6886158277450664
0.6900090540827785
0.6914022804204906
0.6927955067582027
0.6941887330959148
0.6955819594336269
0.696975185771339
0.6983684121090511
0.6997616384467632
0.7011548647844753
0.7025480911221874
0.7039413174598995
0.7053329148119185
0.7067245121164331
0.7081161094382474
0.7095077068869393
0.7108993043577998
0.7122909015724395
0.7136824990211313
0.7150740964919918
0.7164656937066315
0.7178572911553234
0.7192488886261839
0.7206404858408235
0.7220320832895154
0.7234236807603759
0.7248152779750155
0.7262064716940162
0.7275976654481808
0.7289888591289083
0.7303800528823365
0.7317712466357648
0.733162440389193
0.7345536341426212
0.7359448278960494
0.7373360216494776
0.7387272154029059
0.7401184091563341
0.7415096029097623
0.7429007966631905
0.7442919904166188
0.745683184170047
0.7470746245229576
0.7484660650082539
0.7498575051933263
0.7512489456464921
0.752640386099658
0.7540318265528239
0.7554232670059897
0.7568147074591556
0.7582061479123214
0.7595975883654873
0.7609890288186532
0.762380469271819
0.7637719097249849
0.7651633501781507
0.7665547906313166
0.767949135177463
0.7693434797486353
0.7707378243282654
0.7721321686918321
0.7735265130553988
0.7749208574189654
0.7763152017825321
0.7777095461460988
0.7791038905096654
0.7804982348732321
0.7818925792367988
0.7832869236003654
0.7846812679639321
0.7860756123274988
0.7874699566910655
0.7888647060669903
0.7902594554377689
0.7916542049245581
0.7930489541401544
0.7944437033557508
0.7958384525713471
0.7972332017869435
0.7986279510025398
0.8000227002181362
0.8014174494337325
0.8028121986493288
0.8042069478649252
0.8056016970805215
0.8069964462961179
0.8083911955117142
0.8097802056665334
0.8111692160323375
0.8125582264774592
0.8139472369008011
0.8153362473241429
0.8167252577474847
0.8181142681708266
0.8195032785941684
0.8208922890175102
0.822281299440852
0.8236703098641939
0.8250593202875357
0.8264483307108775
0.8278373411342194
0.8292263515575612
0.8306191728805066
0.8320119939212528
0.8334048150772905
0.8347976362641143
0.8361904574509381
0.8375832786377619
0.8389760998245858
0.8403689210114096
0.8417617421982334
0.8431545633850572
0.844547384571881
0.8459402057587049
0.8473330269455287
0.8487258481323525
0.8501186693191763
0.8515101698679337
0.8529016706138272
0.8542931712737228
0.8556846719336185
0.8570761725935142
0.8584676732534099
0.8598591739133056
0.8612506745732013
0.8626421752330969
0.8640336758929926
0.8654251765528883
0.866816677212784
0.8682081778726797
0.8695996785325754
0.870991179192471
0.8723813467319687
0.873771514363961
0.8751616817087827
0.8765518492424297
0.8779420167760766
0.8793321843097236
0.8807223518433706
0.8821125193770175
0.8835026869106645
0.8848928544443114
0.8862830219779584
0.8876731895116053
0.8890633570452523
0.8904535245788993
0.8918436921125462
0.8932325636693076
0.8946214352314439
0.8960103068539272
0.8973991783441447
0.8987880499822573
0.9001769216203698
0.9015657932584823
0.9029546648965948
0.9043435365347073
0.9057324081728199
0.9071212798109324
0.9085101514490449
0.9098990230871574
0.9112878947252699
0.9374393801835554
0.9626271800183018
0.9878149799281954
1.0130027799041723
1.0381905798801492
1.063378379856126
1.088566179832103
1.1137539798080798
1.1389417797840566
1.1641295797600335
1.1893173797360104
1.2145051797119872
1.239692979687964
1.264880779663941
1.2900685796399178
1.3152563796158947
1.342050847939426
1.3688453163162377
1.395639784715309
1.4224342531143803
1.4492287215134516
1.476023189912523
1.5028176583115942
1.5296121267106655
1.5564065951097368
1.583201063508808
1.6099955319078794
1.6367900003069507
1.663584468706022
1.6903789371050932
1.7171734055041645
1.7408592873848534
1.7645451692741083
1.7882310511656785
1.811916933107651
1.8356028150496235
1.859288696991596
1.8829745789335686
1.906660460875541
1.9303463428175136
1.9540322247594861
1.9777181067014586
2.001403988643431
2.0250898705854032
2.0487757525273755
2.072461634469348
2.0960580106331204
2.1196543868080293
2.1432507629109057
2.166847139125116
2.1904435152279924
2.214039891442203
2.237636267545079
2.2612326437592896
2.284829019862166
2.3084253960763763
2.3320217721792527
2.355618148393463
2.3792145244963394
2.40281090071055
2.426407276813426
2.4528534715752612
2.4792996664014124
2.5057458612683225
2.5321920561352327
2.558638251002143
2.585084445869053
2.611530640735963
2.637976835602873
2.6644230304697833
2.6908692253366935
2.7173154202036036
2.7437616150705137
2.770207809937424
2.796654004804334
2.823100199671244
2.8490880941772083
2.875075988616709
2.9010638831333924
2.927051777687396
2.953039672204079
2.9790275667580826
3.0050154612747657
3.0310033558287692
3.0569912503454524
3.082979144899456
3.108967039416139
3.1349549339701426
3.1609428284868257
3.1869307230408292
3.2129186175575124
3.238449112327259
3.2639796070830145
3.28951010184213
3.315040596601246
3.3405710913603617
3.3661015861194774
3.391632080878593
3.417162575637709
3.4426930703968246
3.4682235651559403
3.493754059915056
3.519284554674172
3.5448150494332875
3.5703455441924032
3.595876038951519
3.6215954493018994
3.647314859735554
3.6730342700971237
3.6987536804916927
3.7244730908033006
3.7501925012481085
3.7759119116426776
3.8016313219542854
3.8273507323990934
3.8530701427936624
3.8787895531052703
3.9045089635500783
3.9302283739446473
3.955947784256255
3.981667194701063
4.007849020343966
4.034030845996175
4.0602126716815885
4.086394497367002
4.112576323052416
4.138758148737829
4.164939974423243
4.1911218001086565
4.21730362579407
4.243485451479484
4.269667277164897
4.295849102850311
4.322030928535725
4.348212754221138
4.374394579906552
4.400645404680635
4.426896229327433
4.453147053995351
4.479397878711198
4.505648703432836
4.531899528100754
4.558150352816601
4.58440117753824
4.610652002206158
4.636902826922005
4.663153651643643
4.689404476311561
4.715655301027408
4.741906125749047
4.768156950416965
4.794094710996418
4.820032471681872
4.845970232541528
4.871907993401184
4.89784575426084
4.923783515120496
4.949721275980152
4.975659036839808
5.001596797699464
5.02753455855912
5.053472319418776
5.079410080278432
5.105347841138088
5.131285601997744
5.1572233628574
5.184651320392503
5.21207927793613
5.239507235537782
5.266935193039392
5.294363150641043
5.321791108142653
5.349219065744305
5.376647023245915
5.404074980847566
5.431502938349176
5.458930895950828
5.486358853452438
5.513786811054089
5.541214768555699
5.568642726157351
5.595360904729691
5.622079083240926
5.648797261715989
5.675515440130274
5.702233618544559
5.728951796958844
5.755669975373129
5.782388153787414
5.809106332201699
5.835824510615984
5.862542689030269
5.889260867444554
5.915979045858839
5.9426972242731235
5.9694154026874084
5.995736642239247
6.02205788185788
6.048379121343495
6.07470036082911
6.101021600314724
6.127342839800339
6.153664079285954
6.1799853187715685
6.206306558257183
6.232627797742798
6.258949037228413
6.285270276714027
6.311591516199642
6.337912755685257
6.3642339951708715
6.391266971683354
6.418299948026977
6.445332924436408
6.472365900845839
6.4993988772552695
6.5264318536647
6.553464830074131
6.580497806483562
6.607530782892993
6.634563759302424
6.661596735711854
6.688629712121285
6.715662688530716
6.742695664940147
6.769728641349578
6.795254410759824
6.820780180297944
6.846305949763576
6.871831719229209
6.897357488694841
6.922883258160474
6.948409027626107
6.973934797091739
6.999460566557372
7.024986336023004
7.050512105488637
7.076037874954269
7.101563644419902
7.1270894138855345
7.152615183351167
7.178789364959651
7.204963546647069
7.231137728370178
7.257311910093287
7.283486091816395
7.309660273539504
7.335834455262613
7.362008636985721
7.38818281870883
7.414357000431939
7.4405311821550475
7.466705363878156
7.492879545601265
7.519053727324374
7.545227909047482
7.57142111280983
7.597614316481874
7.623807520136536
7.650000723905528
7.67619392767452
7.702387131443512
7.728580335212504
7.754773538981496
7.780966742750488
7.80715994651948
7.833353150288472
7.859546354057464
7.885739557826456
7.911932761595448
7.93812596536444
7.964457147203627
7.9907883291969455
8.017119511137587
8.043450693078228
8.069781875018869
8.09611305695951
8.122444238900151
8.148775420840792
8.175106602781433
8.201437784722074
8.227768966662715
8.254100148603357
8.280431330543998
8.306762512484639
8.33309369442528
8.35924771012936
8.385401725769533
8.411555741409707
8.43770975704988
8.463863772690054
8.490017788330228
8.516171803970401
8.542325819610575
8.568479835250749
8.594633850890922
8.620787866531096
8.64694188217127
8.673095897811443
8.699249913451617
8.72540392909179
8.750521883615107
8.775639838146114
8.80075779269075
8.825875747208391
8.850993701753026
8.876111656270668
8.901229610815303
8.926347565332945
8.95146551987758
8.976583474395222
9.001701428939857
9.026819383457498
9.051937338002134
9.077055292519775
9.10217324706441
9.125705339851951
9.149237432628668
9.172769525466487
9.196301618273868
9.219833711111686
9.243365803919067
9.266897896756886
9.290429989564267
9.313962082402085
9.337494175209466
9.361026268047285
9.384558360854665
9.408090453692484
9.431622546499865
9.455154639337684
9.456540361335046
9.45792608381319
9.459311806303784
9.46069752893123
9.462083251558674
9.463468974186119
9.464854696813564
9.466240419441009
9.467626142068454
9.469011864695899
9.470397587323344
9.471783309950789
9.473169032578234
9.474554755205679
9.475940477833124
9.477326836282273
9.4787131947093
9.480099552970405
9.481485911246494
9.482872269522584
9.484258627798674
9.485644986074764
9.487031344350854
9.488417702626943
9.489804060903033
9.491190419179123
9.492576777455213
9.493963135731303
9.495349494007392
9.496735852283482
9.498120201485005
9.499504550812043
9.50088890007388
9.50227324945027
9.503657598826662
9.505041948203052
9.506426297579443
9.507810646955834
9.509194996332225
9.510579345708615
9.511963695085006
9.513348044461397
9.514732393837788
9.516116743214178
9.51750109259057
9.518884386945624
9.520267681652527
9.52165097621661
9.523034270709921
9.524417565203231
9.525800859696542
9.527184154189852
9.528567448683162
9.529950743176473
9.531334037669783
9.532717332163093
9.534100626656404
9.535483921149714
9.536867215643024
9.538241445557658
9.539616228120025
9.540991010275668
9.542365792528189
9.543740574887035
9.545115357245882
9.546490139604728
9.547864921963575
9.54923970432242
9.550614486681267
9.551989269040114
9.55336405139896
9.554738833757806
9.556113616116653
9.557488398475499
9.558863180834345
9.560237046703378
9.561610912417107
9.562984778098214
9.564358643858636
9.565732509619059
9.567106375379481
9.568480241139904
9.569854106900326
9.571227972660749
9.572601838421171
9.573975704181594
9.575349569942016
9.576723435702439
9.578097301462861
9.579471167223284
9.580846849845006
9.58222253242579
9.583598215028998
9.584973897669066
9.586349580309134
9.587725262949203
9.589100945589271
9.59047662822934
9.591852310869408
9.593227993509476
9.594603676149545
9.595979358789613
9.597355041429681
9.59873072406975
9.600106406709818
9.601473749724857
9.602841092822189
9.604208435809852
9.605575778871017
9.60694312191674
9.608310465162859
9.609677808224024
9.611045151269746
9.612412494515866
9.613779837577031
9.615147180622753
9.616514523868872
9.617881866930038
9.61924920997576
9.620616553221879
9.621985638992621
9.623354724818402
9.624723810613714
9.626092896620118
9.627461982626523
9.628831068632927
9.630200154639331
9.631569240645735
9.63293832665214
9.634307412658544
9.635676498664948
9.637045584671352
9.638414670677756
9.63978375668416
9.641152842690564
9.64251461638428
9.64387639019172
9.645238164145027
9.646599938098335
9.647961712051643
9.64932348600495
9.650685259958259
9.652047033911566
9.653408807864874
9.654770581818182
9.65613235577149
9.657494129724798
9.658855903678106
9.660217677631413
9.661579451584721
9.66294469141098
9.664309931205066
9.665675171115613
9.667040411026159
9.668405650936705
9.669770890847252
9.671136130757798
9.672501370668344
9.67386661057889
9.675231850489437
9.676597090399984
9.67796233031053
9.679327570221076
9.680692810131623
9.68205805004217
9.683423214031622
9.684788377639784
9.686153541381866
9.687518705087731
9.688883868793596
9.69024903249946
9.691614196205325
9.69297935991119
9.694344523617055
9.69570968732292
9.697074851028784
9.698440014734649
9.699805178440513
9.701170342146378
9.702535505852243
9.70389596030749
9.70525641468118
9.706616869069666
9.707977323458152
9.709337777846638
9.710698232235124
9.71205868662361
9.713419141012096
9.714779595400582
9.716140049789068
9.717500504177554
9.71886095856604
9.720221412954526
9.721581867343012
9.722942321731498
9.724303227971857
9.725664134174092
9.727025040441594
9.728385946709096
9.729746852976598
9.7311077592441
9.732468665511602
9.733829571779104
9.735190478046606
9.736551384314108
9.73791229058161
9.739273196849112
9.740634103116614
9.741995009384116
9.743355915651618
9.7447170812195
9.746078246726865
9.747439412451126
9.748800578175386
9.750161743899646
9.751522909623906
9.752884075348167
9.754245241072427
9.755606406796687
9.756967572520947
9.758328738245208
9.759689903969468
9.761051069693728
9.762412235417989
9.763773401142249
9.765135766473433
9.766498131532853
9.767860496677999
9.769222861934145
9.77058522710065
9.771947592397053
9.77330995769279
9.774672322744829
9.776034688058306
9.777397053224812
9.778759418521215
9.780121783816952
9.78148414886899
9.782846514182468
9.784208879348974
9.785571687964083
9.786934496575192
9.788297305395476
9.789660114291452
9.791022923187429
9.792385732083405
9.793748540979381
9.795111349875357
9.796474158771334
9.79783696766731
9.799199776563286
9.800562585459263
9.801925394355239
9.803288203251215
9.804651012147191
9.806013429185041
9.807375846039333
9.808738263266093
9.810100680253113
9.811463097387838
9.812825514614598
9.814187931601618
9.815550348736343
9.816912765963103
9.818275182950122
9.819637600084848
9.821000017311608
9.822362434298627
9.823724851433353
9.825087268660113
9.826449095315114
9.827810922183629
9.829172748887313
9.830534575708844
9.831896402530376
9.833258229351907
9.834620056173438
9.83598188299497
9.837343709816501
9.838705536638033
9.840067363459564
9.841429190281096
9.842791017102627
9.844152843924158
9.84551467074569
9.846881992007066
9.84824931329306
9.84961663449164
9.850983955690221
9.852351276888802
9.853718598087383
9.855085919285964
9.856453240484544
9.857820561683125
9.859187882881706
9.860555204080287
9.861922525278867
9.863289846477448
9.864657167676029
9.86602448887461
9.86738714276236
9.868749796672674
9.870112450846008
9.871475105019343
9.872837759192677
9.874200413366012
9.875563067539346
9.87692572171268
9.878288375886015
9.87965103005935
9.881013684232684
9.882376338406019
9.883738992579353
9.885101646752688
9.886464300926022
9.88782478645048
9.889185271841944
9.890545757330589
9.891906242941506
9.893266728552423
9.89462721416334
9.895987699774256
9.897348185385173
9.89870867099609
9.900069156607007
9.901429642217924
9.90279012782884
9.904150613439757
9.905511099050674
9.906871584661591
9.908238658170191
9.90960573169765
9.910972805000336
9.912339878303023
9.91370695160571
9.915074024908396
9.916441098211083
9.91780817151377
9.919175244816456
9.920542318119143
9.92190939142183
9.923276464724516
9.924643538027203
9.92601061132989
9.927377684632576
9.928740682549584
9.930103680643953
9.93146667855896
9.932829676479317
9.934192674399673
9.93555567232003
9.936918670240386
9.938281668160743
9.939644666081099
9.941007664001456
9.942370661921812
9.943733659842168
9.945096657762525
9.946459655682881
9.947822653603238
9.949188457624533
9.950554261606648
9.951920065845938
9.953285870085228
9.954651674324518
9.956017478563808
9.957383282803098
9.958749087042388
9.960114891281679
9.961480695520969
9.962846499760259
9.964212303999549
9.965578108238839
9.96694391247813
9.96830971671742
9.969672400572577
9.971035084573803
9.972397768551716
9.973760452529628
9.975123136507541
9.976485820485454
9.977848504463367
9.97921118844128
9.980573872419193
9.981936556397105
9.983299240375018
9.984661924352931
9.986024608330844
9.987387292308757
9.98874997628667
9.990111976925084
9.991473977784096
9.992835978573783
9.99419797936347
9.995559980153157
9.996921980942844
9.99828398173253
9.999645982522217
10.001007983311904
10.002369984101591
10.003731984891278
10.005093985680965
10.006455986470652
10.007817987260339
10.009179988050025
10.010544715909669
10.011909443790746
10.013274171684655
10.014638899582074
10.016003627479494
10.017368355376913
10.018733083274332
10.020097811171752
10.021462539069171
10.02282726696659
10.02419199486401
10.02555672276143
10.026921450658849
10.028286178556268
10.029650906453687
10.031017502690244
10.03238409891568
10.033750695333108
10.035117291750536
10.036483888167965
10.037850484585393
10.039217081002821
10.04058367742025
10.041950273837678
10.043316870255106
10.044683466672534
10.046050063089963
10.047416659507391
10.04878325592482
10.050149852342248
10.051515653950032
10.052881455558017
10.054247257265487
10.05561305898301
10.056978860700532
10.058344662418055
10.059710464135577
10.0610762658531
10.062442067570622
10.063807869288144
10.065173671005667
10.06653947272319
10.067905274440712
10.069271076158234
10.070636877875756
