0.001415222959031983
0.0028304457867380783
0.004245668546901816
0.00566089163089153
0.007076114714881245
0.00849133779887096
0.009906560882860675
0.01132178396685039
0.012737007050840105
0.01415223013482982
0.015567453218819534
0.01698267630280925
0.018397899386798963
0.019813122470788678
0.021228345554778393
0.022643675558484164
0.024059005488683435
0.025474335386017326
0.026889665283351218
0.02830499518068511
0.029720325078019
0.03113565497535289
0.03255098487268678
0.03396631477002068
0.03538164466735457
0.036796974564688466
0.03821230446202236
0.039627634359356255
0.04104296425669015
0.042458294154024044
0.04387389071800997
0.04528948725648103
0.046705083783260125
0.04812068031003922
0.04953627683681832
0.05095187336359742
0.052367469890376515
0.05378306641715561
0.05519866294393471
0.05661425947071381
0.058029855997492906
0.059445452524272004
0.0608610490510511
0.0622766455778302
0.0636922421046093
0.0651079364480711
0.06652363078391922
0.0679393252496143
0.06935501971530937
0.07077071418100445
0.07218640864669952
0.0736021031123946
0.07501779757808967
0.07643349204378475
0.07784918650947982
0.0792648809751749
0.08068057544086997
0.08209626990656504
0.08351196437226012
0.0849276588379552
0.08634372442373016
0.08775978994036349
0.08917585544057052
0.09059192107651604
0.09200798671246155
0.09342405234840706
0.09484011798435257
0.09625618362029809
0.0976722492562436
0.09908831489218911
0.10050438052813462
0.10192044616408014
0.10333651180002565
0.10475257743597116
0.10616864307191667
0.10758466501471352
0.10900068700481377
0.11041670892444651
0.11183273084407924
0.11324875276371198
0.11466477468334471
0.11608079660297745
0.11749681852261018
0.11891284044224291
0.12032886236187565
0.12174488428150838
0.12316090620114112
0.12457692812077385
0.1259929500404066
0.12740897196003934
0.12882472586680505
0.13024047993052396
0.13165623387928566
0.13307198761056596
0.13448774153269247
0.13590349548145417
0.13731924921273447
0.13873500313486098
0.14015075708362268
0.14156651081490298
0.1429822647370295
0.1443980186857912
0.1458137724170715
0.147229526339198
0.1486452802879597
0.15006128418981401
0.151477288238938
0.15289329222783388
0.15430929621672976
0.15572530020562564
0.15714130419452152
0.1585573081834174
0.15997331217231328
0.16138931616120916
0.16280532015010504
0.16422132413900092
0.1656373281278968
0.16705333211679269
0.16846933610568857
0.16988534009458445
0.17130107353766288
0.17271680720586083
0.17413254075000464
0.17554827429414846
0.17696400783829228
0.1783797413824361
0.1797954749265799
0.18121120847072372
0.18262694201486754
0.18404267555901135
0.18545840910315517
0.18687414264729899
0.1882898761914428
0.18970560973558662
0.19112134327973043
0.19253725052110562
0.19395315795329598
0.19536906542962137
0.19678497275923582
0.19820088008885026
0.1996167874184647
0.20103269474807914
0.20244860207769358
0.20386450940730802
0.20528041673692246
0.2066963240665369
0.20811223139615134
0.20952813872576578
0.21094404605538022
0.21235995338499467
0.21377556810519108
0.21519118288837255
0.21660679742746666
0.21802241196656078
0.2194380265056549
0.220853641044749
0.2222692555838431
0.22368487012293722
0.22510048466203134
0.22651609920112545
0.22793171374021956
0.22934732827931367
0.23076294281840778
0.2321785573575019
0.233594171896596
0.2350101406250005
0.23642610932362923
0.23784207800656726
0.2392580466895053
0.24067401537244332
0.24208998405538135
0.24350595273831938
0.2449219214212574
0.24633789010419543
0.24775385878713346
0.2491698274700715
0.2505857961530095
0.25200176483594755
0.2534177335188856
0.2548337022018236
0.2562493690691092
0.2576650361282439
0.25908070308994535
0.26049637011873505
0.26191203713075123
0.2633277040924527
0.2647433711212424
0.2661590381332586
0.26757470509496006
0.26899037212374977
0.27040603913576594
0.2718217060974674
0.2732373731262571
0.2746530401382733
0.2760687070999748
0.27748472112169387
0.27890073494648193
0.2803167489139907
0.2817327628814995
0.2831487768490083
0.2845647908165171
0.2859808047840259
0.28739681875153467
0.28881283271904346
0.29022884668655224
0.29164486065406103
0.2930608746215698
0.2944768885890786
0.2958929025565874
0.2973089165240962
0.29872521683326786
0.30014151702279807
0.3015578171130447
0.3029741172032913
0.30439041729353794
0.30580671738378457
0.3072230174740312
0.3086393175642778
0.31005561765452444
0.31147191774477107
0.3128882178350177
0.3143045179252643
0.31572081801551094
0.31713711810575757
0.3185534181960042
0.31996950712714645
0.3213855960725464
0.32280168511860885
0.3242177741646713
0.32563386321073373
0.3270499522567962
0.3284660413028586
0.32988213034892105
0.3312982193949835
0.33271430844104594
0.3341303974871084
0.3355464865331708
0.33696257557923326
0.3383786646252957
0.33979475367135814
0.3412110902363349
0.34262742692409803
0.3440437636275662
0.3454601003310344
0.3468764370345026
0.3482927737379708
0.349709110441439
0.3511254471449072
0.35254178384837537
0.35395812055184356
0.35537445725531175
0.35679079395877994
0.35820713066224813
0.3596234673657163
0.3610398040691845
0.3624560891358307
0.36387237421731994
0.36528865948796346
0.366704944758607
0.3681212300292505
0.36953751529989404
0.37095380057053756
0.3723700858411811
0.3737863711118246
0.37520265638246814
0.37661894165311166
0.3780352269237552
0.3794515121943987
0.38086779746504223
0.38228408273568576
0.3837004362267
0.3851167893673602
0.3865331422833851
0.3879494955379693
0.38936584879255354
0.39078220204713776
0.392198555301722
0.3936149085563062
0.39503126181089043
0.39644761506547466
0.3978639683200589
0.3992803215746431
0.40069667482922733
0.40211302808381155
0.4035293813383958
0.4049455873544539
0.4063617929830105
0.4077779986904342
0.40919420439785786
0.41061041010528154
0.4120266158127052
0.4134428215201289
0.4148590272275526
0.41627523293497626
0.41769143864239994
0.4191076443498236
0.4205238500572473
0.421940055764671
0.42335626147209465
0.42477246717951833
0.42618887318690096
0.4276052792243896
0.4290216854587549
0.4304380916931202
0.4318544979274855
0.43327090416185077
0.43468731039621605
0.43610371663058134
0.4375201228649466
0.4389365290993119
0.4403529353336772
0.4417693415680425
0.44318574780240777
0.44460215403677306
0.44601856027113834
0.44743506709724595
0.44885157364091016
0.45026808028316984
0.4516845869254295
0.4531010935676892
0.45451760020994886
0.45593410685220853
0.4573506134944682
0.4587671201367279
0.46018362677898755
0.4616001334212472
0.4630166400635069
0.4644331467057666
0.46584965334802625
0.4672661599902859
0.46868254092698364
0.4700989217679955
0.4715153026333968
0.4729316834108822
0.474348064447127
0.4757644453125283
0.4771808260900137
0.47859720712625853
0.48001358799165983
0.48142996876914523
0.48284634980539004
0.48426273067079134
0.48567911144827675
0.48709549248452155
0.48851187334992285
0.4899278833116824
0.4913438929947164
0.49275990278837484
0.49417591258203325
0.49559192237569166
0.4970079321693501
0.4984239419630085
0.4998399517566669
0.5012559615503254
0.5026719713439838
0.5040879811376422
0.5055039909313006
0.506920000724959
0.5083360105186174
0.5097520203122758
0.511168341485923
0.5125846626014408
0.5140009837644178
0.5154173049430993
0.5168336261017223
0.5182499472646994
0.5196662684433809
0.5210825896020039
0.522498910764981
0.5239152319436625
0.5253315531022855
0.5267478742652626
0.5281641954439441
0.5295805166025671
0.5309968377655442
0.5324136274332709
0.5338304173157217
0.5352472072846864
0.5366639972536512
0.538080787222616
0.5394975771915808
0.5409143671605455
0.5423311571295103
0.5437479470984751
0.5451647370674398
0.5465815270364046
0.5479983170053694
0.5494151069743342
0.5508318969432989
0.5522486869122637
0.5536690344513069
0.5550893819706779
0.5565097296204035
0.557930077270129
0.5593504249198545
0.5607707725695801
0.5621911202193056
0.5636114678690312
0.5650318155187567
0.5664521631684822
0.5678725108182078
0.5692928584679333
0.5707132061176589
0.5721335537673844
0.5735539014171099
0.5749738901739677
0.5763938790288664
0.5778138679045687
0.579233856780271
0.5806538456559732
0.5820738345316755
0.5834938234073778
0.58491381228308
0.5863338011587823
0.5877537900344846
0.5891737789101869
0.5905937677858891
0.5920137566615914
0.5934337455372937
0.5948537344129959
0.5962735816132364
0.5976934289834744
0.5991132763498912
0.600533123716308
0.6019529710827247
0.6033728184491415
0.6047926658155582
0.606212513181975
0.6076323605483918
0.6090522079148085
0.6104720552812253
0.611891902647642
0.6133117500140588
0.6147315973804756
0.6161514447468923
0.6175716617070993
0.6189918788811295
0.62041209585644
0.6218323128317504
0.6232525298070609
0.6246727467823714
0.6260929637576819
0.6275131807329923
0.6289333977083028
0.6303536146836133
0.6317738316589238
0.6331940486342342
0.6346142656095447
0.6360344825848552
0.6374546995601656
0.6388749083253829
0.6402951171499002
0.6417153261486371
0.6431355351119136
0.6445557440386916
0.6459759530374286
0.647396162000705
0.6488163709274831
0.6502365799262201
0.6516567888894965
0.6530769978162746
0.6544972068150116
0.655917415778288
0.6573376247050661
0.658757833703803
0.6601779157456317
0.6615979975612336
0.6630180795551869
0.6644381615491401
0.6658582435430934
0.6672783255370467
0.668698407531
0.6701184895249532
0.6715385715189065
0.6729586535128598
0.674378735506813
0.6757988175007663
0.6772188994947196
0.6786389814886729
0.6800590634826261
0.6814792181639262
0.682899372726524
0.6843195274077232
0.6857396820889223
0.6871598367701215
0.6885799914513206
0.6900001461325198
0.691420300813719
0.6928404554949181
0.6942606101761173
0.6956807648573164
0.6971009195385156
0.6985210742197148
0.6999412289009139
0.7013613835821131
0.7027816823758847
0.704201981149741
0.7056222797255224
0.7070425783013038
0.7084628768770852
0.7098831754528666
0.711303474028648
0.7127237726044294
0.7141440711802108
0.7155643697559922
0.7169846683317737
0.7184049669075551
0.7198252654833365
0.7212455640591179
0.7226658626348993
0.7240859660475323
0.7255060696727955
0.7269261732118317
0.7283462767508679
0.7297663802899041
0.7311864838289404
0.7326065873679766
0.7340266909070128
0.735446794446049
0.7368668979850852
0.7382870015241214
0.7397071050631576
0.7411272086021938
0.74254731214123
0.7439674156802663
0.7453874707821496
0.746807526120683
0.7482275812140361
0.7496476363073892
0.7510676914007423
0.7524877464940953
0.7539078015874484
0.7553278566808015
0.7567479117741546
0.7581679668675076
0.7595880219608607
0.7610080770542138
0.7624281321475669
0.76384818724092
0.765268242334273
0.766688327139322
0.768108411806878
0.7695284964861385
0.770948581165399
0.7723686658446595
0.7737887505239199
0.7752088352031804
0.7766289198824409
0.7780490045617013
0.7794690892409618
0.7808891739202223
0.7823092585994827
0.7837293432787432
0.7851494279580037
0.7865695126372642
0.7879899453620629
0.7894103780943783
0.7908308108701524
0.7922512436459265
0.7936716764217006
0.7950921091974746
0.7965125419732487
0.7979329747490228
0.7993534075247969
0.800773840300571
0.802194273076345
0.8036147058521191
0.8050351386278932
0.8064555714036673
0.8078760041794414
0.8092964853602015
0.8107169666046661
0.812137448099028
0.8135579295933899
0.8149784110877518
0.8163988925821137
0.8178193740764756
0.8192398555708376
0.8206603370651995
0.8220808185595614
0.8235013000539233
0.8249217815482852
0.8263422630426471
0.827762744537009
0.829183226031371
0.8306030197525207
0.832022813402353
0.83344260712796
0.8348624008535671
0.8362821945791742
0.8377019883047813
0.8391217820303883
0.8405415757559954
0.8419613694816025
0.8433811632072096
0.8448009569328166
0.8462207506584237
0.8476405443840308
0.8490603381096379
0.850480131835245
0.8519003820544111
0.8533206324051862
0.8547408824696241
0.856161132534062
0.8575813825984999
0.8590016326629378
0.8604218827273757
0.8618421327918137
0.8632623828562516
0.8646826329206895
0.8661028829851274
0.8675231330495653
0.8689433831140032
0.8703636331784411
0.871783883242879
0.8732039750571902
0.8746240669514328
0.8760441587629736
0.8774642505745144
0.8788843423860552
0.880304434197596
0.8817245260091368
0.8831446178206775
0.8845647096322183
0.8859848014437591
0.8874048932552999
0.8888249850668407
0.8902450768783815
0.8916651686899223
0.8930852605014631
0.8945051925762263
0.895925124983917
0.8973450575420416
0.8987649901001663
0.900184922658291
0.9016048552164156
0.9030247877745403
0.904444720332665
0.9058646528907897
0.9072845854489143
0.908704518007039
0.9101244505651637
0.9115443831232883
0.912964315681413
0.9143842482395377
0.9158040254051469
0.9172238027470471
0.91864357998611
0.920063357225173
0.9214831344642359
0.9229029117032989
0.9243226889423618
0.9257424661814248
0.9271622434204877
0.9285820206595506
0.9300017978986136
0.9314215751376765
0.9328413523767395
0.9342611296158024
1.0644473427898777
1.1946054002188726
1.324763457696251
1.454921515184855
1.5850795726734588
1.7152376301620627
1.8453956876506665
1.9755537451392704
2.1057118026278743
2.235869860116478
2.366027917605082
2.496185975093686
2.6263440325822898
2.7565020900708936
2.8866601475594975
3.0168182050481014
3.147017062870974
3.2772159208623792
3.407414778553425
3.537613636256514
3.66781249394756
3.798011351650649
3.9282102093416946
4.058409067044783
4.188607924735829
4.3188067824389185
4.449005640129965
4.579204497833054
4.7094033555241
4.839602213227189
4.969801070918235
5.099945889488991
5.2300907080018675
5.360235526675575
5.490380345349282
5.620525164022989
5.750669982696696
5.880814801370403
6.01095962004411
6.141104438717817
6.271249257391524
6.401394076065231
6.531538894738938
6.661683713412645
6.7918285320863525
6.92197335076006
7.052116371212687
7.182259391572326
7.312402411931965
7.442545432291603
7.572688452651242
7.702831473010881
7.83297449337052
7.963117513730158
8.093260534089797
8.223403554449435
8.353546574809073
8.48368959516871
8.613832615528349
8.743975635887987
8.874118656247624
9.004311280154162
9.134503904118137
9.264696527963366
9.394889151855091
9.525081775700318
9.655274399592043
9.78546702343727
9.915659647328996
10.045852271174223
10.176044895065948
10.306237518911175
10.4364301428029
10.566622766648127
10.696815390539852
10.827008014385079
10.957183020316448
11.087358026341018
11.217533032392266
11.347708038443514
11.477883044494762
11.60805805054601
11.738233056597258
11.868408062648506
11.998583068699753
12.128758074751001
12.25893308080225
12.389108086853497
12.519283092904745
12.649458098955993
12.77963310500724
12.909798132754913
13.039963160450158
13.170128188130771
13.300293215811385
13.430458243491998
13.560623271172611
13.690788298853224
13.820953326533838
13.95111835421445
14.081283381895064
14.211448409575677
14.34161343725629
14.471778464936904
14.601943492617517
14.73210852029813
14.862278060922403
14.992447601571133
15.12261714223885
15.252786682906567
15.382956223574284
15.513125764242002
15.643295304909719
15.773464845577436
15.903634386245153
16.03380392691287
16.163973467580586
16.2941430082483
16.424312548916017
16.554482089583733
16.684651630251448
16.814834798674593
16.94501796705661
17.07520113543863
17.205384303820647
17.335567472202666
17.465750640584684
17.595933808966702
17.72611697734872
17.85630014573074
17.986483314112757
18.116666482494775
18.246849650876793
18.37703281925881
18.50721598764083
18.63739915602285
18.767583719231705
18.897768282433724
19.027952845484382
19.15813740853504
19.2883219715857
19.418506534636357
19.548691097687016
19.678875660737674
19.809060223788332
19.93924478683899
20.06942934988965
20.199613912940308
20.329798475990966
20.459983039041624
20.590167602092283
20.720341582433363
20.85051556284498
20.980689543195556
21.110863523546133
21.24103750389671
21.371211484247286
21.501385464597863
21.63155944494844
21.761733425299017
21.891907405649594
22.02208138600017
22.152255366350747
22.282429346701324
22.4126033270519
22.542777307402478
22.672995167548684
22.803213027623595
22.933430887795794
23.063648747967992
23.19386660814019
23.32408446831239
23.454302328484587
23.584520188656786
23.714738048828984
23.844955909001182
23.97517376917338
24.10539162934558
24.235609489517778
24.365827349689976
24.496045209862174
24.626242557283586
24.75643990481087
24.8866372522039
25.016834599731183
25.147031947124216
25.277229294651498
25.40742664204453
25.537623989571813
25.667821336964845
25.798018684492128
25.92821603188516
26.058413379412443
26.188610726805475
26.318808074332757
26.44900542172579
26.579195585495157
26.709385749395693
26.83957591329623
26.969766077196766
27.099956241097303
27.23014640499784
27.360336568898376
27.490526732798912
27.62071689669945
27.750907060599985
27.88109722450052
28.01128738840106
28.141477552301595
28.27166771620213
28.401857880102668
28.532061388179756
28.662264896350912
28.79246840452207
28.922671912693225
29.052875420864382
29.18307892903554
29.313282437206695
29.44348594537785
29.573689453549008
29.703892961720165
29.83409646989132
29.964299978062478
30.094503486233634
30.22470699440479
30.354910502575947
30.485075433667046
30.615240364849576
30.74540529608463
30.8755702272844
31.005735158519453
31.13590008971922
31.266065020954276
31.396229952154044
31.5263948833891
31.656559814588867
31.78672474582392
31.91688967702369
32.04705460825875
32.17721953945851
32.30738447069357
32.43756748457127
32.567750498254256
32.697933512158365
32.82811652606247
32.95829953996658
33.08848255387069
33.2186655677748
33.34884858167891
33.47903159558302
33.609214609487125
33.739397623391234
33.86958063729534
33.99976365119945
34.12994666510356
34.26012967900767
34.39031307732247
34.52049647571816
34.650679874045856
34.78086327237355
34.911046670701246
35.04123006902894
35.171413467356636
35.30159686568433
35.431780264012026
35.56196366233972
35.692147060667416
35.82233045899511
35.952513857322806
36.0826972556505
36.212880653978196
36.34307101319611
36.473261372695156
36.6034517321942
36.73364209169325
36.863832451192295
36.99402281069134
37.12421317019039
37.254403529689434
37.38459388918848
37.514784248687526
37.64497460818657
37.77516496768562
37.905355327184665
38.03554568668371
38.16573604618276
38.295922308670804
38.426108571160285
38.556294833773606
38.68648109638693
38.81666735900025
38.94685362161357
39.07703988422689
39.20722614684021
39.337412409453535
39.467598672066856
39.59778493468018
39.7279711972935
39.85815745990682
39.98834372252014
40.11852998513346
40.24868662492413
40.378843264768264
40.50899990475955
40.63915654475083
40.76931318474212
40.8994698247334
41.029626464724686
41.15978310471597
41.289939744707254
41.42009638469854
41.55025302468982
41.68040966468111
41.6817996507235
41.68318963690952
41.68457962292741
41.68596945000786
41.68735927707346
41.68874910413906
41.690138931204665
41.691528758270266
41.692924378882424
41.694325650964664
41.695726923089175
41.69712819526572
41.69852946744226
41.69993664381757
41.70134382003108
41.702750996227735
41.70415817242439
41.70556534862105
41.70698474913483
41.70840414976287
41.70982355039091
41.711242951018946
41.71266235164698
41.71408175227502
41.71550115290306
41.7169205535311
41.718339954159134
41.71975935478717
41.72117875541521
41.72259815604325
41.724017556671285
41.72543695729932
41.72685635792736
41.728275834463325
41.729695311126406
41.731114787709046
41.73253426429169
41.73395374087433
41.73537321745697
41.73679269403961
41.73821217062225
41.73963164720489
41.74105112378753
41.74247060037017
41.74389007695281
41.74530955353545
41.74672903011809
41.74814850670073
41.74956774334261
41.75098698008748
41.75240621684713
41.75382545360677
41.75524469036642
41.75666392712606
41.75808316388571
41.75950240064535
41.760921637405
41.76234087416464
41.76376011092429
41.76517934768393
41.76659858444358
41.76801782120322
41.76943705796287
41.77085616847577
41.772275279147344
41.77369438973182
41.7751135003163
41.77653261090078
41.77795172148526
41.77937083206974
41.780789942654216
41.782209053238695
41.783628163823174
41.78504727440765
41.78646638499213
41.78788549557661
41.78930460616109
41.79072033374413
41.792136127257535
41.79355192072326
41.79496771417989
41.79638350763652
41.79779930109315
41.79921509454978
41.80063088800641
41.80204668146304
41.80346247491967
41.8048782683763
41.80629406183293
41.80770985528956
41.80912564874619
41.81054144220282
41.81195723565945
41.81337291969213
41.81478860364983
41.816204287595106
41.81761997154038
41.819035655485656
41.82045133943093
41.82186702337621
41.82328270732148
41.82469839126676
41.82611407521203
41.82752975915731
41.82894544310258
41.83036112704786
41.831776810993134
41.83319249493841
41.834608396136076
41.83602429744432
41.83744019866427
41.83885609991704
41.84027200116981
41.84168790242258
41.84310380367535
41.84451970492812
41.84593560618089
41.84735150743366
41.84876740868643
41.8501833099392
41.85159921119197
41.85301511244474
41.85443101369751
41.85584589956303
41.85726078511522
41.85867567074942
41.86009055638362
41.861505442017815
41.86292032765201
41.86433521328621
41.86575009892041
41.867164984554606
41.8685798701888
41.869994755823
41.8714096414572
41.872824527091396
41.87423941272559
41.87565429835979
41.87706940206999
41.87848450584406
41.879899609735844
41.88131471362763
41.88272981751942
41.884144921411206
41.88556002530299
41.88697512919478
41.88839023308657
41.889805336978355
41.89122044087014
41.89263554476193
41.89405064865372
41.895465752545505
41.89688085643729
41.898295025547924
41.89970919488876
41.90112336425518
41.9025375336216
41.90395170298802
41.90536587235444
41.90678004172086
41.90819421108728
41.9096083804537
41.91102254982012
41.91243671918654
41.91385088855296
41.91526505791938
41.9166792272858
41.91809339665222
41.919508012658156
41.920922628691315
41.92233724471006
41.9237518607288
41.92516647674754
41.926581092766284
41.927995708785026
41.92941032480377
41.93082494082251
41.93223955684125
41.933654172859995
41.93506878887874
41.93648340489748
41.93789802091622
41.939312636934964
41.94072724324852
41.94214184960855
41.94355645588825
41.94497106216795
41.946385668447654
41.947800274727356
41.94921488100706
41.95062948728676
41.952044093566464
41.953458699846166
41.95487330612587
41.95628791240557
41.957702518685274
41.959117124964976
41.96053173124468
41.96194572609262
41.96335972080553
41.96477371557095
41.96618771033637
41.96760170510179
41.969015699867214
41.970429694632635
41.97184368939806
41.97325768416348
41.9746716789289
41.97608567369432
41.97749966845974
41.978913663225164
41.980327657990586
41.98174165275601
41.98315570735553
41.984569761976516
41.98598381653405
41.987397871158976
41.9888119257839
41.99022598040882
41.99164003503375
41.99305408965867
41.994468144283594
41.99588219890852
41.99729625353344
41.998710308158365
42.00012436278329
42.00153841740821
42.00295247203314
42.004366560959454
42.00578064995248
42.00719473887833
42.00860882780419
42.010022916730044
42.0114370056559
42.012851094581755
42.01426518350761
42.01567927243347
42.01709336135932
42.01850745028518
42.01992153921103
42.02133562813689
42.022749717062744
42.0241638059886
42.02557805294441
42.02699230016874
42.028406547436006
42.02982079470327
42.03123504197053
42.032649289237796
42.03406353650506
42.03547778377232
42.036892031039585
42.03830627830685
42.03972052557411
42.041134772841374
42.04254902010864
42.0439632673759
42.045377514643164
42.046791820024055
42.04820612524226
42.0496204307354
42.051034736228544
42.05244904172169
42.05386334721483
42.05527765270797
42.056691958201114
42.058106263694256
42.0595205691874
42.06093487468054
42.06234918017368
42.063763485666826
42.06517779115997
42.06659209665311
42.06800635049278
42.06942060462921
42.07083485882983
42.07224911303046
42.073663367231084
42.07507762143171
42.076491875632335
42.07790612983296
42.079320384033586
42.08073463823421
42.08214889243484
42.08356314663546
42.08497740083609
42.086391655036714
42.08780590923734
42.08922008550694
42.090634261800645
42.092048438088604
42.09346261437656
42.09487679066452
42.09629096695248
42.09770514324044
42.0991193195284
42.10053349581636
42.101947672104316
42.103361848392275
42.104776024680234
42.10619020096819
42.10760437725615
42.10901855354411
42.11043343621371
42.11184831905837
42.11326320195807
42.11467808485777
42.116092967757474
42.11750785065718
42.11892273355688
42.12033761645658
42.12175249935628
42.123167382255986
42.12458226515569
42.12599714805539
42.12741203095509
42.128826913854795
42.1302417967545
42.13165608218423
42.133070367293435
42.134484652672825
42.13589893808687
42.137313223588215
42.138727508800216
42.14014179420485
42.14155607958424
42.142970364998284
42.14438465049963
42.14579893571163
42.14721322111627
42.14862750649566
42.1500417919097
42.15145607741105
42.15287007641193
42.15428407546652
42.155698074115335
42.15711207276415
42.158526071412965
42.15994007006178
42.161354068710594
42.16276806735941
42.16418206600822
42.16559606465704
42.16701006330585
42.16842406195467
42.16983806060348
42.171252059252296
42.17266605790111
42.17408090879334
42.175495759863956
42.17691061077802
42.17832546169209
42.17974031260616
42.18115516352022
42.18257001443429
42.18398486534836
42.185399716262424
42.18681456717649
42.18822941809056
42.189644269004624
42.19105911991869
42.19247397083276
42.193888821746825
42.19530315161672
42.19671748151557
42.198131811620016
42.19954614172446
42.20096047182891
42.20237480193335
42.2037891320378
42.205203462142244
42.20661779224669
42.208032122351135
42.20944645245558
42.210860782560026
42.21227511266447
42.21368944276892
42.21510377287336
42.21651846119287
42.21793314964774
42.219347838008126
42.22076252636851
42.222177214728895
42.22359190308928
42.22500659144966
42.22642127981005
42.22783596817043
42.229250656530816
42.2306653448912
42.232080033251584
42.23349472161197
42.23490940997235
42.23632409833274
42.23773838754452
42.239152676839026
42.240566966112155
42.241981255385284
42.24339554465841
42.24480983393154
42.24622412320467
42.2476384124778
42.24905270175093
42.250466991024055
42.251881280297184
42.25329556957031
42.25470985884344
42.25612414811657
42.2575384373897
42.258952636535895
42.26036683580189
42.26178103481252
42.263195233823154
42.26460943283379
42.26602363184442
42.26743783085505
42.268852029865684
42.27026622887632
42.27168042788695
42.27309462689758
42.274508825908214
42.275923024918846
42.27733722392948
42.27875142294011
42.28016597318237
42.28158052358298
42.28299507386825
42.28440962413537
42.28582417440249
42.28723872466961
42.288653274936735
42.290067825203856
42.29148237547098
42.2928969257381
42.29431147600522
42.29572602627234
42.29714057653946
42.29855512680658
42.299969677073705
42.30138446698229
42.302799256860965
42.30421404705644
42.305628837251916
42.30704362744739
42.30845841764287
42.30987320783834
42.31128799803382
42.312702788229295
42.31411757842477
42.31553236862025
42.31694715881572
42.3183619490112
42.319776739206674
42.32119152940215
42.322606217506404
42.32402090566628
42.32543559365307
42.32685028197875
42.32826496993483
42.329679657921616
42.3310943462473
42.332509034203376
42.333923722190164
42.335338410515845
42.336753098471924
42.33816778645871
42.33958247478439
42.34099716274047
42.34241185072726
