0.0013990196529287755
0.0027980393158698923
0.0041970591730440335
0.005596078960136449
0.006995098747228864
0.008394118534321279
0.009793138321413694
0.01119215810850611
0.012591177895598524
0.01399019768269094
0.015389217469783355
0.016788237256875768
0.01818725704396818
0.019586276831060595
0.02098529661815301
0.022384628481053524
0.023783960083100852
0.025183291862846804
0.026582623642592756
0.02798195542233871
0.02938128720208466
0.030780618981830613
0.032179950761576565
0.03357928254132252
0.03497861432106847
0.03637794610081442
0.03777727788056037
0.039176609660306325
0.04057594144005228
0.04197527321979823
0.0433753833720153
0.04477549350818964
0.04617560362892925
0.04757571374966886
0.04897582387040847
0.05037593399114808
0.05177604411188769
0.053176154232627296
0.054576264353366905
0.05597637447410651
0.05737648459484612
0.05877659471558573
0.06017670483632534
0.06157681495706495
0.06297692507780456
0.06437732109560577
0.06577771693375041
0.06717811286581583
0.06857850879788126
0.06997890472994668
0.0713793006620121
0.07277969659407753
0.07418009252614295
0.07558048845820838
0.0769808843902738
0.07838128032233922
0.07978167625440465
0.08118207218647007
0.0825824681185355
0.08398286405060092
0.08538434425161033
0.0867858241718345
0.08818730428732295
0.08958878436700823
0.0909902644466935
0.09239174452637877
0.09379322460606404
0.09519470468574931
0.09659618476543458
0.09799766484511985
0.09939914492480512
0.10080062500449039
0.10220210508417565
0.10360358516386092
0.10500506524354619
0.1064064180946121
0.10780777097580457
0.10920912391878067
0.11061047686175676
0.11201182980473286
0.11341318274770895
0.11481453569068505
0.11621588863366114
0.11761724157663724
0.11901859451961333
0.12041994746258942
0.12182130040556552
0.12322265334854161
0.12462400629151771
0.1260253592344938
0.12742592907435354
0.1288264990622814
0.13022706921281943
0.13162763927326043
0.13302820923617792
0.13442877938671594
0.13582934944715694
0.13722991941007442
0.13863048956061244
0.14003105962105344
0.14143162958397093
0.14283219973450895
0.14423276979494995
0.14563333975786744
0.14703390990840545
0.14843521010314553
0.14983651010554586
0.1512378103206535
0.1526391104112594
0.15404041050186532
0.15544171059247122
0.15684301068307713
0.15824431077368303
0.15964561086428894
0.16104691095489485
0.16244821104550075
0.16384951113610666
0.16525081122671256
0.16665211131731847
0.16805341140792437
0.16945392193198405
0.17085443255793814
0.17225494319537007
0.173655453832802
0.17505596447023394
0.17645647510766588
0.1778569857450978
0.17925749638252975
0.18065800701996168
0.18205851765739361
0.18345902829482555
0.18485953893225748
0.18626004956968942
0.18766056020712135
0.1890610708445533
0.19046208882210552
0.1918631068065371
0.19326412479059152
0.1946651428227062
0.19606616085482087
0.19746717888693555
0.19886819691905022
0.2002692149511649
0.20167023298327957
0.20307125101539425
0.20447226904750893
0.2058732870796236
0.20727430511173828
0.20867532314385295
0.21007634117596763
0.21147650459332398
0.21287666811588957
0.21427683142893925
0.21567699474198893
0.2170771580550386
0.21847732136808828
0.21987748468113796
0.22127764799418764
0.22267781130723732
0.224077974620287
0.22547813793333668
0.22687830124638636
0.22827846455943604
0.22967862787248572
0.2310787911855354
0.23247998848064796
0.2338811856006435
0.23528238275155947
0.23668357990247543
0.2380847770533914
0.23948597420430737
0.24088717135522333
0.2422883685061393
0.24368956565705527
0.24509076280797124
0.2464919599588872
0.24789315710980317
0.24929435426071914
0.25069555141163513
0.2520967485625511
0.25349706456070015
0.2548973807691098
0.25629769668344243
0.2576980128236324
0.2590983289958055
0.26049864491013813
0.2618989610503281
0.2632992772225012
0.26469959313683383
0.2660999092770238
0.2675002254491969
0.26890054136352953
0.2703008575037195
0.2717011736758926
0.27310148959022523
0.27450281921772735
0.27590414868715163
0.27730547815339457
0.2787068076505641
0.28010813714773364
0.2815094666449032
0.2829107961420727
0.28431212563924224
0.2857134551364118
0.2871147846335813
0.28851611413075084
0.2899174436279204
0.2913187731250899
0.29272010262225945
0.294121432119429
0.29552359789589255
0.2969257637744478
0.2983279296497189
0.29973009552498997
0.30113226140026106
0.30253442727553215
0.30393659315080324
0.3053387590260743
0.3067409249013454
0.3081430907766165
0.3095452566518876
0.3109474225271587
0.31234958840242977
0.31375175427770086
0.31515392015297194
0.3165554684745406
0.3179570172156419
0.3193585658279403
0.32076011444023866
0.322161663052537
0.32356321166483537
0.3249647602771337
0.3263663088894321
0.32776785750173043
0.3291694061140288
0.33057095472632714
0.3319725033386255
0.33337405195092384
0.3347756005632222
0.33617714917552055
0.3375794214376489
0.33898169362586217
0.3403839658206379
0.34178623798850966
0.3431885101563814
0.34459078232425316
0.3459930544921249
0.3473953266599967
0.3487975988278684
0.3501998709957402
0.35160214316361194
0.3530044153314837
0.35440668749935544
0.3558089596672272
0.35721123183509895
0.3586133543581472
0.3600154770841493
0.3614175997449402
0.36281972240573107
0.36422184506652194
0.3656239677273128
0.3670260903881037
0.36842821304889456
0.36983033570968543
0.3712324583704763
0.3726345810312672
0.37403670369205805
0.3754388263528489
0.3768409490136398
0.37824307167443066
0.37964539272104386
0.38104771365666407
0.3824500347251055
0.38385235554386116
0.3852546763626168
0.3866569971813724
0.38805931800012805
0.3894616388188837
0.3908639596376393
0.39226628045639494
0.3936686012751506
0.3950709220939062
0.39647324291266184
0.39787556373141747
0.3992778845501731
0.400679774480017
0.40208166425668207
0.4034835540980986
0.40488544393951514
0.4062873337809317
0.4076892236223482
0.40909111346376476
0.4104930033051813
0.41189489314659783
0.41329678298801437
0.4146986728294309
0.41610056267084744
0.417502452512264
0.4189043423536805
0.42030623219509705
0.42170870724503523
0.42311118231727013
0.42451365760421317
0.4259161328911562
0.42731860817809925
0.4287210834650423
0.4301235587519853
0.43152603403892836
0.4329285093258714
0.43433098461281444
0.4357334598997575
0.4371359351867005
0.43853841047364356
0.4399408857605866
0.44134336104752964
0.4427461303602955
0.44414889978587174
0.4455516691690263
0.4469544385521808
0.44835720793533534
0.4497599773184899
0.4511627467016444
0.45256551608479895
0.4539682854679535
0.455371054851108
0.45677382423426255
0.4581765936174171
0.4595793630005716
0.46098213238372615
0.4623849017668807
0.4637873034026464
0.46518970515280134
0.4665921066040199
0.467994508247388
0.4693969098021768
0.47079931125339536
0.47220171289676344
0.47360411445155226
0.4750065159027708
0.4764089175461389
0.4778113191009277
0.4792137205521463
0.48061612219551436
0.4820185237503032
0.48342092520152175
0.4848222424347573
0.4862235600613554
0.4876248775325836
0.48902619505023476
0.4904275125678859
0.49182883008553707
0.49323014760318823
0.4946314651208394
0.49603278263849054
0.4974341001561417
0.49883541767379286
0.500236735191444
0.5016380527090951
0.5030393702267463
0.5044406877443974
0.5058429149604233
0.5072451420626721
0.5086473693498453
0.5100495965838334
0.5114518238172024
0.5128540511312778
0.5142562783652659
0.5156585055986349
0.5170607329127103
0.5184629601466983
0.5198651873800674
0.5212674146941427
0.5226696419281308
0.5240718691614998
0.5254740964755752
0.5268776942110812
0.5282812917675679
0.5296848891766086
0.5310884865856493
0.5324920839946901
0.5338956814037308
0.5352992788127715
0.5367028762218122
0.538106473630853
0.5395100710398937
0.5409136684489344
0.5423172658579751
0.5437208632670159
0.5451244606760566
0.5465280580850973
0.5479412403662626
0.5493544226520987
0.5507676051613739
0.5521807876706492
0.5535939701799244
0.5550071526891996
0.5564203351984749
0.5578335177077501
0.5592467002170254
0.5606598827263006
0.5620730652355759
0.5634862477448511
0.5648994302541264
0.5663126127634016
0.5677257952726769
0.5691379254230126
0.5705500554896508
0.5719621858700774
0.5733743162505041
0.5747864466309307
0.5761985770113573
0.577610707391784
0.5790228377722106
0.5804349681526373
0.5818470985330639
0.5832592289134906
0.5846713592939172
0.5860834896743439
0.5874956200547705
0.5889077504351972
0.5903194653516679
0.5917311803376238
0.5931428952103236
0.5945546100830233
0.5959663249557231
0.5973780398284229
0.5987897547011226
0.6002014695738224
0.6016131844465221
0.6030248993192219
0.6044366141919216
0.6058483290646214
0.6072600439373211
0.6086717588100209
0.6100834736827206
0.6114962731451671
0.6129090725390011
0.61432187190553
0.6157346712720589
0.6171474706385879
0.6185602700051168
0.6199730693716458
0.6213858687381747
0.6227986681047036
0.6242114674712326
0.6256242668377615
0.6270370662042904
0.6284498655708194
0.6298626649373483
0.6312754643038773
0.6326882398925179
0.6341010154188521
0.6355137909648307
0.6369265664765282
0.638339342104738
0.6397521176507166
0.6411648931624141
0.6425776687906238
0.6439904443366025
0.6454032198483
0.6468159954765097
0.6482287710224883
0.6496415465341858
0.6510543221623956
0.6524670977083742
0.6538795009003421
0.6552919040683727
0.6567043073849412
0.6581167107015098
0.6595291140180783
0.6609415173346469
0.6623539206512155
0.663766323967784
0.6651787272843526
0.6665911306009211
0.6680035339174897
0.6694159372340582
0.6708283405506268
0.6722407438671953
0.6736531471837639
0.6750657634576016
0.6764783797318018
0.6778909963250819
0.6793036129183619
0.680716229511642
0.6821288461049221
0.6835414626982022
0.6849540792914822
0.6863666958847623
0.6877793124780424
0.6891919290713224
0.6906045456646025
0.6920171622578826
0.6934297788511626
0.6948423954444427
0.6962554346105376
0.6976684739352342
0.6990815131545721
0.70049455237391
0.7019075915932479
0.7033206308125858
0.7047336700319237
0.7061467092512616
0.7075597484705994
0.7089727876899373
0.7103858269092752
0.7117988661286131
0.713211905347951
0.7146249445672889
0.7160379837866268
0.7174504499980789
0.7188629162558076
0.7202753825223667
0.7216878487889258
0.7231003150554849
0.724512781322044
0.7259252475886031
0.7273377138551622
0.7287501801217213
0.7301626463882804
0.7315751126548395
0.7329875789213987
0.7344000451879578
0.7358125114545169
0.737224977721076
0.7386373024348083
0.7400496269080543
0.7414619515138599
0.7428742761196654
0.7442866007254709
0.7456989253312765
0.747111249937082
0.7485235745428875
0.7499358991486931
0.7513482237544986
0.7527605483603041
0.7541728729661097
0.7555851975719152
0.7569975221777208
0.7584098467835263
0.7598222580919171
0.7612346693493672
0.7626470805447324
0.7640594917400976
0.7654719029354627
0.7668843141308279
0.7682967253261931
0.7697091365215583
0.7711215477169234
0.7725339589122886
0.7739463701076538
0.7753587813030189
0.7767711924983841
0.7781836036937493
0.7795960148891145
0.7810094478965156
0.7824228805164087
0.7838363131669077
0.7852497458174067
0.7866631784679057
0.7880766111184047
0.7894900437689036
0.7909034764194026
0.7923169090699016
0.7937303417204006
0.7951437743708996
0.7965572070213985
0.7979706396718975
0.7993840723223965
0.8007975049728955
0.8022110800491814
0.8036246551691307
0.8050382302383362
0.8064518053075417
0.8078653803767472
0.8092789554459526
0.8106925305151581
0.8121061055843636
0.813519680653569
0.8149332557227745
0.81634683079198
0.8177604058611855
0.819173980930391
0.8205875559995964
0.8220011310688019
0.8234126889767077
0.8248242469205638
0.8262358050614365
0.8276473632023091
0.8290589213431818
0.8304704794840545
0.8318820376249272
0.8332935957657999
0.8347051539066725
0.8361167120475452
0.8375282701884179
0.8389398283292906
0.8403513864701633
0.841762944611036
0.8431745027519086
0.8445873993700094
0.8460002960606228
0.847413192625559
0.8488260891904953
0.8502389857554316
0.8516518823203678
0.8530647788853041
0.8544776754502403
0.8558905720151766
0.8573034685801129
0.8587163651450491
0.8601292617099854
0.8615421582749216
0.8629550548398579
0.8643679514047942
0.865780383840723
0.8671928161379562
0.8686052485645203
0.8700176809910843
0.8714301134176484
0.8728425458442125
0.8742549782707766
0.8756674106973407
0.8770798431239047
0.8784922755504688
0.8799047079770329
0.881317140403597
0.8827295728301611
0.8841420052567251
0.8855544376832892
0.8869664016982121
0.8883783658378511
0.8897903298435166
0.891202293849182
0.8926142578548475
0.894026221860513
0.8954381858661784
0.8968501498718439
0.8982621138775093
0.8996740778831748
0.9010860418888402
0.9024980058945057
0.9039099699001711
0.9053219339058366
0.906733897911502
0.9081454071196104
0.909556916516861
0.9109684258330962
0.9123799351493315
0.9137914444655667
0.9152029537818019
0.9166144630980372
0.9180259724142724
0.9194374817305077
0.9208489910467429
0.9222605003629781
0.9236720096792134
0.9250835189954486
0.9264950283116838
1.0426076604082959
1.1584254337771978
1.27424320714908
1.3900609805809703
1.5058787540128606
1.621696527444751
1.7375143008766414
1.8533320743085318
1.9691498477404221
2.0849676211723125
2.200785394604203
2.3166031680360932
2.4324209414679836
2.548238714899874
2.6640564883317643
2.7798742617636547
2.896119496718178
3.0123647317876023
3.1286099667032548
3.2448552016135217
3.361100436529174
3.477345671439441
3.5935909063550935
3.7098361412653604
3.826081376181013
3.94232661109128
4.058571846006933
4.174817080917199
4.291062315832852
4.407307550743118
4.5235527856587705
4.6392320925313815
4.754911399272113
4.87059070619619
4.986270013122192
5.1019493200481945
5.2176286269741965
5.3333079339001985
5.448987240826201
5.564666547752203
5.680345854678205
5.796025161604207
5.911704468530209
6.027383775456211
6.143063082382213
6.258742389308215
6.374402897206687
6.490063405015741
6.60572391268723
6.721384420358719
6.837044928030208
6.952705435701697
7.068365943373186
7.184026451044675
7.299686958716164
7.415347466387653
7.531007974059142
7.6466684817306305
7.7623289894021195
7.877989497073608
7.993650004745097
8.109829857091153
8.226009709368716
8.342189561556845
8.458369413865972
8.5745492660541
8.690729118363228
8.806908970551357
8.923088822860484
9.039268675048612
9.15544852735774
9.271628379545868
9.387808231854995
9.503988084043124
9.620167936352251
9.73634778854038
9.852342993432362
9.96833819838758
10.084333403276986
10.200328608166393
10.3163238130558
10.432319017945206
10.548314222834613
10.66430942772402
10.780304632613426
10.896299837502832
11.012295042392239
11.128290247281646
11.244285452171052
11.360280657060459
11.476275861949865
11.592166582730353
11.708057303576604
11.82394802444353
11.939838745310455
12.05572946617738
12.171620187044306
12.287510907911232
12.403401628778157
12.519292349645083
12.635183070512008
12.751073791378934
12.86696451224586
12.982855233112785
13.09874595397971
13.214636674846636
13.330574644339755
13.446512613933319
13.56245058367238
13.678388553411441
13.794326523150502
13.910264492889564
14.026202462628625
14.142140432367686
14.258078402106747
14.374016371845808
14.48995434158487
14.605892311323931
14.721830281062992
14.837768250802053
14.953706220541115
15.069786946809046
15.185867672998743
15.301948399226175
15.418029125453607
15.53410985168104
15.650190577908472
15.766271304135904
15.882352030363336
15.998432756590768
16.1145134828182
16.230594209045634
16.346674935273068
16.462755661500502
16.578836387727936
16.69491711395537
16.811012458063434
16.92710780206376
17.043203146106947
17.159298490150135
17.275393834193324
17.39148917823651
17.5075845222797
17.623679866322888
17.739775210366076
17.855870554409265
17.971965898452453
18.08806124249564
18.20415658653883
18.320251930582018
18.436347274625206
18.552331738656832
18.6683162025537
18.784300666387725
18.90028513022175
19.016269594055775
19.1322540578898
19.248238521723824
19.36422298555785
19.480207449391873
19.596191913225898
19.712176377059922
19.828160840893947
19.94414530472797
20.060129768561996
20.17611423239602
20.292558932002326
20.409003631620216
20.525448331176
20.641893030731786
20.758337730287572
20.874782429843357
20.991227129399142
21.107671828954928
21.224116528510713
21.3405612280665
21.457005927622284
21.57345062717807
21.689895326733854
21.80634002628964
21.922784725845425
22.03901411757199
22.155243509299876
22.27147290091212
22.387702292640004
22.503931684252247
22.620161075980132
22.736390467592376
22.85261985932026
22.968849250932504
23.08507864266039
23.201308034272632
23.317537426000516
23.43376681761276
23.549996209340645
23.666225600952888
23.78237965663783
23.898533712291776
24.014687767945723
24.13084182359967
24.246995879253618
24.363149934907565
24.47930399056151
24.59545804621546
24.711612101869406
24.827766157523353
24.9439202131773
25.060074268831247
25.176228324485194
25.29238238013914
25.40853643579309
25.524830461690563
25.641124487554528
25.75741851345862
25.873712539362714
25.990006565266807
26.1063005911709
26.222594617074993
26.338888642979086
26.45518266888318
26.571476694787272
26.687770720691365
26.804064746595458
26.92035877249955
27.036652798403644
27.152946824307737
27.26883653428687
27.38472624411296
27.500615953846758
27.616505663606237
27.732395373340033
27.848285083099512
27.964174792833308
28.080064502592787
28.195954212326583
28.311843922086062
28.42773363181986
28.543623341579337
28.659513051313134
28.775402761072613
28.89129247080641
29.007371577928517
29.123450685050276
29.23952979237036
29.35560889969044
29.471688007010524
29.587767114330607
29.70384622165069
29.819925328970772
29.936004436290855
30.052083543610937
30.16816265093102
30.284241758251103
30.400320865571185
30.516399972891268
30.63247908021135
30.748562216796625
30.86464535324063
30.980728489845696
31.096811626450762
31.21289476305583
31.328977899660895
31.44506103626596
31.56114417287103
31.677227309476095
31.79331044608116
31.909393582686228
32.0254767192913
32.14155985589637
32.25764299250144
32.37372612910651
32.489882235539575
32.60603834208458
32.72219444862959
32.83835055517459
32.9545066617196
33.070662768264604
33.18681887480961
33.302974981354616
33.41913108789962
33.53528719444463
33.651443300989634
33.76759940753464
33.883755514079645
33.99991162062465
34.11606772716966
34.23218088389738
34.34829404074179
34.464407197543096
34.5805203543444
34.696633511145706
34.81274666794701
34.928859824748315
35.04497298154962
35.161086138350925
35.27719929515223
35.393312451953534
35.50942560875484
35.62553876555614
35.74165192235745
35.85776507915875
35.97356801930678
36.089370959383096
36.20517389952754
36.32097683967198
36.43677977981642
36.55258271996086
36.6683856601053
36.78418860024974
36.89999154039418
37.015794480538624
37.131597420683065
37.247400360827505
37.36451650919436
37.48163265762579
37.598748806047
37.71570832922656
37.832667852436444
37.94962737564633
38.066586898856215
38.1835464220661
38.3018467103735
38.42441440860086
38.546982106769164
38.66954980481825
38.79211750286734
38.9179688091575
39.04382010846911
39.169671407809545
39.29552270714998
39.42137400649041
39.42278441191832
39.42419481736716
39.425605222962275
39.42701562855739
39.42842603415251
39.429836439747625
39.43124684534274
39.43265725093786
39.434067656532974
39.43547806212809
39.43688846772321
39.438298873318324
39.43970927891344
39.44111968450856
39.44253009010367
39.44394071806149
39.44535134621452
39.44676197441904
39.44817260262356
39.449583230828075
39.45099385903259
39.45240448723711
39.45381511544163
39.455225743646146
39.456636371850664
39.45804700005518
39.4594576282597
39.46086825646422
39.462278884668734
39.46368951287325
39.46509943760317
39.466509362469075
39.467919287267875
39.469329212066675
39.470739136865475
39.472149061664275
39.473558986463075
39.474968911261875
39.476378836060675
39.477788760859475
39.479198685658275
39.480608610457075
39.482018535255875
39.483428460054675
39.484838384853475
39.48624794093432
39.48765749709269
39.48906705316508
39.49047660923747
39.49188616530986
39.493295721382246
39.494705277454635
39.496114833527024
39.49752438959941
39.4989339456718
39.50034350174419
39.50175305781658
39.50316261388897
39.50457216996136
39.50597266268512
39.50737334849588
39.50877403405873
39.51017471957035
39.51157540508197
39.51297609059359
39.51437677610521
39.51577746161683
39.51717814712845
39.51857883264007
39.519979518151686
39.521380203663306
39.522780889174925
39.524181574686544
39.52558226019816
39.52698294570978
39.5283833111846
39.52978367674784
39.53118404245826
39.532584408168674
39.53398477387909
39.53538513958951
39.536785505299925
39.53818587101034
39.53958623672076
39.540986602431175
39.54238696814159
39.54378733385201
39.545187699562426
39.54658806527284
39.54798843098326
39.54938943122177
39.550790431547114
39.55219143177864
39.55359243201148
39.554993432244316
39.556394432477155
39.557795432709995
39.559196432942834
39.56059743317567
39.56199843340851
39.56339943364135
39.56480043387419
39.56620143410703
39.56760243433987
39.56900343457271
39.57040146994349
39.57179950560529
39.573197541075395
39.5745955765455
39.5759936120156
39.577391647485705
39.57878968295581
39.58018771842591
39.581585753896015
39.58298378936612
39.58438182483622
39.585779860306324
39.58717789577643
39.58857593124653
39.589973966716634
39.5913726385664
39.59277131062729
39.59416998275751
39.595568654887735
39.59696732701796
39.59836599914818
39.5997646712784
39.60116334340862
39.602562015538844
39.603960687669066
39.60535935979929
39.60675803192951
39.60815670405973
39.60955537618995
39.610954048320174
39.61234999559782
39.61374594291376
39.615141890457075
39.61653783800039
39.617933785543705
39.61932973308702
39.620725680630336
39.62212162817365
39.62351757571697
39.62491352326028
39.6263094708036
39.62770541834691
39.62910136589023
39.630497313433544
39.63189326097686
39.633290510517256
39.63468776003587
39.63608500951145
39.63748225898703
39.63887950846261
39.64027675793819
39.64167400741377
39.64307125688935
39.64446850636493
39.64586575584051
39.64726300531609
39.64866025479167
39.65005750426725
39.65145475374283
39.65285200321841
39.654249224350195
39.655646445389216
39.6570436664622
39.658440887535185
39.65983810860817
39.661235329681155
39.66263255075414
39.664029771827124
39.66542699290011
39.66682421397309
39.66822143504608
39.66961865611906
39.67101587719205
39.67241309826503
39.67381031933802
39.67520575827502
39.676601197322206
39.67799663634402
39.67939207536583
39.680787514387646
39.68218295340946
39.68357839243127
39.684973831453085
39.6863692704749
39.68776470949671
39.689160148518525
39.69055558754034
39.69195102656215
39.693346465583964
39.69474190460578
39.69613751812752
39.69753313110571
39.698928744405
39.70032435761063
39.701719970910695
39.70311558421076
39.70451119751082
39.70590681081088
39.70730242411094
39.708698037411004
39.710093650711066
39.71148926401113
39.71288487731119
39.71428049061125
39.71567610391131
39.717071817197976
39.71846753058434
39.71986324369711
39.72125895680988
39.722654669922655
39.724050383035426
39.7254460961482
39.72684180926097
39.72823752237374
39.72963323548651
39.73102894859928
39.73242466171205
39.73382037482482
39.735216087937594
39.736611801050366
39.738007975605605
39.73940415009574
39.740800324599654
39.74219649915982
39.74359267371998
39.744988848280144
39.74638502284031
39.74778119740047
39.749177371960634
39.7505735465208
39.75196972108096
39.753365895641124
39.75476207020129
39.75615824476145
39.757554419321615
39.75895076369553
39.76034710815774
39.761743452593294
39.76313979702885
39.764536141464404
39.76593248589996
39.767328830335515
39.76872517477107
39.770121519206626
39.77151786364218
39.77291420807774
39.77431055251329
39.77570689694885
39.7771032413844
39.77849958581996
39.77989578027113
39.7812919748405
39.782688169300044
39.78408436375959
39.785480558219135
39.78687675267868
39.788272947138225
39.78966914159777
39.791065336057315
39.79246153051686
39.793857724976405
39.79525391943595
39.796650113895495
39.79804630835504
39.799442502814586
39.800838470487996
39.80223443828959
39.80363040604067
39.80502637379175
39.80642234154283
39.80781830929391
39.80921427704499
39.81061024479607
39.812006212547146
39.813402180298226
39.814798148049306
39.816194115800386
39.817590083551465
39.818986051302545
39.820382019053625
39.8217800462663
39.82317807357717
39.82457610077261
39.82597412796805
39.827372155163495
39.82877018235894
39.83016820955438
39.83156623674982
39.832964263945264
39.83436229114071
39.83576031833615
39.83715834553159
39.838556372727034
39.839954399922476
39.84135242711792
39.84274871231045
39.844144997547964
39.845541282740236
39.8469375680667
39.848333853378904
39.84973013863626
39.85112642392556
39.85252270911783
39.85391899444429
39.855315279756496
39.85671156501385
39.85810785030315
39.85950413549542
39.860900420821885
39.86229670613409
39.863692157045506
39.86508760807889
39.866483059004054
39.86787850992922
39.869273960854386
39.87066941177955
39.87206486270472
39.873460313629884
39.87485576455505
39.87625121548022
39.87764666640538
39.87904211733055
39.880437568255715
39.88183301918088
39.88322847010605
39.88462640477994
39.886024339462274
39.88742227448142
39.88882020950057
39.89021814451972
39.89161607953887
39.89301401455802
39.89441194957717
39.89580988459632
39.89720781961547
39.898605754634616
39.900003689653765
39.901401624672914
39.90279955969206
39.90419749471121
39.90559390987872
39.90699032527101
39.908386740552174
39.90978315583334
39.9111795711145
39.912575986395666
39.91397240167683
39.915368816957994
39.91676523223916
39.91816164752032
39.919558062801485
39.92095447808265
39.92235089336381
39.92374730864498
39.92514372392614
39.926541184740124
39.927938645426785
39.92933610620658
39.93073356698637
39.93213102776616
39.93352848854595
39.934925949325745
39.93632341010554
39.93772087088533
39.93911833166512
39.94051579244491
39.941913253224705
39.9433107140045
39.94470817478429
39.94610563556408
39.94750193223868
39.94889822917152
39.95029452613719
39.951690823102865
39.95308712006854
39.95448341703421
39.955879713999884
39.95727601096556
39.95867230793123
39.960068604896904
39.96146490186258
39.96286119882825
39.96425749579392
39.965653792759596
39.96705008972527
39.968446124296214
39.969842158685864
39.97123819333405
39.97263422798224
39.97403026263043
39.97542629727862
39.976822331926805
39.97821836657499
39.97961440122318
39.98101043587137
39.98240647051956
39.983802505167745
39.98519853981593
39.98659457446412
39.98799060911231
39.98938766708067
39.99078472486926
39.99218178277777
39.9935788406976
39.99497589861743
39.996372956537265
39.997770014457096
39.99916707237693
40.00056413029676
40.00196118821659
40.00335824613642
40.00475530405625
40.006152361976085
40.007549419895916
40.00894647781575
40.010344234543645
40.01174199125291
40.01313974795417
40.01453750463283
40.01593526131148
40.01733301799014
40.018730774668796
40.02012853134745
40.02152628802611
40.022924044704766
40.02432180138342
40.02571955806208
40.027117314740735
40.02851507141939
40.02991282809805
40.03131028809389
40.03270774779918
40.03410520771007
40.03550266750069
40.036900127210025
40.038297587120915
40.03969504691153
40.04109250662087
40.04248996653176
40.04388742632238
40.045284886031716
40.04668234594261
40.048079805733224
40.04947726544256
40.05087472535345
