0.0013927426947526517
0.002785485485738378
0.004178228224617016
0.005570970913828488
0.006963713663636441
0.008356456402515079
0.00974919909172655
0.011141941841534502
0.01253468458041314
0.013927427269624612
0.015320170019432564
0.016712912758311202
0.018105655447522673
0.019498398197330624
0.020891140936209262
0.022284406684176757
0.023677672422884162
0.025070938285966717
0.02646420408930439
0.02785746989264206
0.029250735695979732
0.030644001499317404
0.032037267302655076
0.03343053310599275
0.03482379890933042
0.03621706471266809
0.03761033051600576
0.039003596319343435
0.04039686212268111
0.04179012792601878
0.04318470716842986
0.04457928633932081
0.04597386557737133
0.04736844470979397
0.048763023707158785
0.05015760277275069
0.051552181905173335
0.05294676090253815
0.05434133996813005
0.05573591910055269
0.05713049809791751
0.05852507716350941
0.05991965629593205
0.06131423529329687
0.06270881435888877
0.06410387801057958
0.06549894162810502
0.0668940053730807
0.06828906909249116
0.06968413281190163
0.07107919653131209
0.07247426025072255
0.07386932397013302
0.07526438768954348
0.07665945140895394
0.07805451512836441
0.07944957884777487
0.08084464256718533
0.0822397062865958
0.08363477000600626
0.08503166840431033
0.0864285664986086
0.08782546492742198
0.0892223632780439
0.09061926162866583
0.09201615997928776
0.09341305832990969
0.09480995668053162
0.09620685503115355
0.09760375338177547
0.0990006517323974
0.10039755008301933
0.10179444843364126
0.10319134678426319
0.10458824513488511
0.10598492887298804
0.10738161268988622
0.1087782964672617
0.11017498032216809
0.11157166417707448
0.11296834803198087
0.11436503188688726
0.11576171574179366
0.11715839959670005
0.11855508345160644
0.11995176730651283
0.12134845116141922
0.12274513501632561
0.124141818871232
0.1255385027261384
0.1269338613796858
0.12832922002353717
0.1297245788947751
0.1311199378096879
0.1325152967246007
0.1339106556395135
0.13530601455442628
0.13670137346933908
0.13809673238425188
0.13949209129916468
0.14088745021407748
0.14228280912899027
0.14367816804390307
0.14507352695881587
0.14646888587372867
0.1478654802055096
0.1492620744607649
0.1506586685314088
0.15205526273773576
0.15345185694406271
0.15484845115038967
0.15624504535671663
0.15764163956304358
0.15903823376937054
0.1604348279756975
0.16183142218202445
0.1632280163883514
0.16462461059467837
0.16602120480100532
0.16741779900733228
0.1688130570872151
0.1702083153714049
0.17160357364620507
0.17299883189000803
0.174394090133811
0.17578934837761395
0.1771846066214169
0.17857986486521987
0.17997512310902283
0.1813703813528258
0.18276563959662875
0.18416089784043171
0.18555615608423467
0.18695141432803764
0.1883466725718406
0.1897427900068058
0.19113890737916833
0.1925350246312466
0.1939311418833249
0.19532725913540316
0.19672337638748144
0.19811949363955972
0.199515610891638
0.20091172814371627
0.20230784539579455
0.20370396264787283
0.2051000798999511
0.20649619715202938
0.20789231440410766
0.20928843165618594
0.210683101215708
0.21207777089788
0.21347244073725913
0.21486711043859869
0.21626178013993824
0.2176564498412778
0.21905111954261736
0.2204457892439569
0.22184045894529647
0.22323512864663603
0.22462979834797558
0.22602446804931514
0.2274191377506547
0.22881380745199426
0.2302084771533338
0.23160489746700394
0.23300131802354307
0.23439773837906525
0.23579415871258674
0.23719057904610824
0.23858699937962974
0.23998341971315124
0.24137984004667273
0.24277626038019423
0.24417268071371573
0.24556910104723723
0.24696552138075872
0.24836194171428022
0.24975836204780172
0.2511547823813232
0.2525497109929841
0.2539446396527639
0.2553395680607459
0.2567344965623443
0.2581294250639427
0.2595243535655411
0.2609192820671395
0.2623142105687379
0.2637091390703363
0.26510406757193467
0.26649899607353306
0.26789392457513145
0.26928885307672984
0.27068378157832823
0.2720787100799266
0.2734753544139748
0.2748719988097855
0.2762686431845439
0.2776652873841374
0.27906193158373094
0.28045857578332445
0.28185521998291796
0.28325186418251147
0.284648508382105
0.2860451525816985
0.287441796781292
0.2888384409808855
0.290235085180479
0.29163172938007254
0.29302837357966605
0.29442643013947467
0.2958244866789948
0.29722254322468133
0.29862059976340555
0.30001865630212976
0.301416712840854
0.3028147693795782
0.3042128259183024
0.3056108824570266
0.3070089389957508
0.30840699553447504
0.30980505207319925
0.31120310861192346
0.3126011651506477
0.3139992216893719
0.3153962360601306
0.3167932505537644
0.3181902648737938
0.31958727919382324
0.32098429351385266
0.3223813078338821
0.3237783221539115
0.3251753364739409
0.32657235079397035
0.32796936511399977
0.3293663794340292
0.3307633937540586
0.33216040807408803
0.33355742239411745
0.3349544367141469
0.33635267243749956
0.3377509081645345
0.33914914393735063
0.34054737974107446
0.3419456155447983
0.34334385134852213
0.34474208715224597
0.3461403229559698
0.34753855875969364
0.3489367945634175
0.3503350303671413
0.35173326617086514
0.353131501974589
0.3545297377783128
0.35592797358203665
0.35732595702109066
0.35872394040094496
0.36012192386390757
0.36151990726876615
0.36291789067362473
0.3643158740784833
0.3657138574833419
0.3671118408882005
0.36850982429305906
0.36990780769791765
0.37130579110277623
0.3727037745076348
0.3741017579124934
0.375499741317352
0.37689772472221056
0.37829604294268077
0.37969436090253306
0.3810926791180642
0.3824909971669635
0.3838893152158628
0.38528763326476206
0.38668595131366135
0.38808426936256063
0.3894825874114599
0.3908809054603592
0.3922792235092585
0.39367754155815776
0.39507585960705704
0.39647417765595633
0.3978724957048556
0.39927008648590473
0.4006676773343559
0.4020652681700059
0.40346285900565587
0.40486044984130587
0.40625804067695587
0.40765563151260586
0.40905322234825586
0.41045081318390586
0.41184840401955586
0.41324599485520586
0.41464358569085585
0.41604117652650585
0.41743876736215585
0.41883635819780585
0.42023493645095256
0.421633514636007
0.42303209260683367
0.4244306705776603
0.42582924854848697
0.4272278265193136
0.4286264044901403
0.43002498246096693
0.4314235604317936
0.43282213840262024
0.4342207163734469
0.43561929434427354
0.4370178723151002
0.43841645028592685
0.4398150282567535
0.4412141021160297
0.44261317574157194
0.44401224955481194
0.44541132336805195
0.44681039718129195
0.44820947099453196
0.44960854480777196
0.45100761862101196
0.45240669243425197
0.45380576624749197
0.455204840060732
0.456603913873972
0.458002987687212
0.459402061500452
0.460801135313692
0.4621995892604815
0.4635980432497661
0.46499649730228526
0.46639495138495546
0.46779340546762566
0.46919185955029585
0.47059031363296605
0.47198876771563625
0.47338722179830645
0.47478567588097664
0.47618412996364684
0.47758258404631704
0.47898103812898724
0.48037949221165743
0.48177794629432763
0.4831745696084966
0.4845711931861606
0.485967816643964
0.48736444015425207
0.48876106366454014
0.4901576871748282
0.4915543106851163
0.49295093419540437
0.49434755770569244
0.4957441812159805
0.4971408047262686
0.49853742823655667
0.49993405174684474
0.5013306752571328
0.502727298767421
0.5041254587444751
0.5055236187519178
0.5069217788765195
0.5083199388846488
0.5097180988927781
0.5111162589009074
0.5125144189090367
0.513912578917166
0.5153107389252953
0.5167088989334246
0.518107058941554
0.5195052189496833
0.5209033789578126
0.5223015389659419
0.5236996989740712
0.5251001660183772
0.5265006328420534
0.5279010997441487
0.5293015665899685
0.5307020334357884
0.5321025002816082
0.5335029671274281
0.5349034339732479
0.5363039008190678
0.5377043676648876
0.5391048345107075
0.5405053013565273
0.5419057682023471
0.543306235048167
0.5447067018939868
0.5461128330066262
0.5475189638484483
0.5489250948694292
0.5503312259676305
0.5517373570658318
0.5531434881640331
0.5545496192622345
0.5559557503604358
0.5573618814586371
0.5587680125568384
0.5601741436550397
0.561580274753241
0.5629864058514423
0.5643925369496436
0.565798668047845
0.5672030320621577
0.5686073961064211
0.5700117600029065
0.571416123899392
0.5728204877958775
0.5742248516923629
0.5756292155888484
0.5770335794853338
0.5784379433818193
0.5798423072783048
0.5812466711747902
0.5826510350712757
0.5840553989677612
0.5854597628642466
0.5868641267607321
0.5882677923546749
0.5896714580293033
0.591075123714918
0.5924787894005327
0.5938824550861473
0.595286120771762
0.5966897864573767
0.5980934521429914
0.599497117828606
0.6009007835142207
0.6023044491998354
0.6037081148854501
0.6051117805710647
0.6065154462566794
0.6079191119422941
0.609324600363746
0.6107300886409924
0.6121355770468799
0.6135410653906676
0.6149465537344552
0.6163520420782428
0.6177575304220304
0.619163018765818
0.6205685071096056
0.6219739954533933
0.6233794837971809
0.6247849721409685
0.6261904604847561
0.6275959488285437
0.6290014371723314
0.6304068853161768
0.6318123337537733
0.6332177820490538
0.6346232303443342
0.6360286786396147
0.6374341269348951
0.6388395752301755
0.640245023525456
0.6416504718207364
0.6430559201160169
0.6444613684112973
0.6458668167065778
0.6472722650018582
0.6486777132971386
0.6500831615924191
0.6514879849325927
0.65289280809554
0.6542976313894643
0.6557024546833886
0.6571072779773129
0.6585121012712373
0.6599169245651616
0.6613217478590859
0.6627265711530103
0.6641313944469346
0.6655362177408589
0.6669410410347832
0.6683458643287076
0.6697506876226319
0.6711555109165562
0.6725606921295499
0.6739658732868604
0.6753710544224045
0.6767762356451666
0.6781814168679288
0.6795865980906909
0.680991779313453
0.6823969605362151
0.6838021417589772
0.6852073229817394
0.6866125042045015
0.6880176854272636
0.6894228666500257
0.6908280478727878
0.69223322909555
0.6936391196081002
0.6950450104082664
0.6964509010763777
0.6978567919058756
0.6992626827353734
0.7006685735648712
0.702074464394369
0.7034803552238669
0.7048862460533647
0.7062921368828625
0.7076980277123603
0.7091039185418582
0.710509809371356
0.7119157002008538
0.7133215910303516
0.7147265203738803
0.7161314496008319
0.7175363786916883
0.7189413077020391
0.7203462368329778
0.7217511658902934
0.7231560949006443
0.724561024031583
0.7259659530888986
0.7273708820992494
0.7287758112301881
0.7301807402875037
0.7315856692978545
0.7329905984287932
0.7343955274861088
0.7358002182735653
0.7372049090492505
0.7386095998687162
0.7400142908374869
0.7414189818062576
0.7428236727750284
0.7442283637437991
0.7456330547125698
0.7470377456813405
0.7484424366501112
0.749847127618882
0.7512518185876527
0.7526565095564234
0.7540612005251941
0.7554658914939648
0.7568707281660667
0.7582755646681544
0.7596804011929809
0.7610852377178073
0.7624900742426338
0.7638949107674603
0.7652997472922868
0.7667045838171133
0.7681094203419397
0.7695142568667662
0.7709190933915927
0.7723239299164192
0.7737287664412457
0.7751336029660721
0.7765384394908986
0.7779449899566381
0.7793515405032451
0.7807580910922017
0.7821646416579435
0.7835711922236853
0.7849777427894271
0.7863842933551689
0.7877908439209107
0.7891973944866525
0.7906039450523943
0.7920104956181361
0.7934170461838779
0.7948235967496197
0.7962301473153615
0.7976366978811033
0.7990434869362099
0.8004502761766926
0.8018570656150181
0.8032638548602048
0.8046706441053915
0.8060774333505781
0.8074842225957648
0.8088910118409515
0.8102978010861381
0.8117045903313248
0.8131113795765115
0.8145181688216981
0.8159249580668848
0.8173317473120715
0.8187385365572581
0.8201419375554375
0.8215453387479009
0.8229487400278236
0.8243521412182352
0.8257555424086468
0.8271589435990584
0.82856234478947
0.8299657459798816
0.8313691471702932
0.8327725483607048
0.8341759495511164
0.835579350741528
0.8369827519319396
0.8383861531223512
0.8397895543127628
0.8411952060104848
0.8426008575325441
0.8440065091331564
0.8454121607337688
0.8468178123343811
0.8482234639349935
0.8496291155356058
0.8510347671362182
0.8524404187368305
0.8538460703374429
0.8552517219380552
0.8566573735386676
0.8580630251392799
0.8594686767398922
0.8608743283405046
0.8622792003630831
0.8636840726056172
0.8650889446036221
0.8664938166016269
0.8678986885996318
0.8693035605976367
0.8707084325956416
0.8721133045936464
0.8735181765916513
0.8749230485896562
0.8763279205876611
0.8777327925856659
0.8791376645836708
0.8805425365816757
0.8819474085796806
0.8833514935536331
0.8847555783884407
0.8861596630802462
0.8875637477720517
0.8889678324638572
0.8903719171556628
0.8917760018474683
0.8931800865392738
0.8945841712310794
0.8959882559228849
0.8973923406146904
0.898796425306496
0.9002005099983015
0.901604594690107
0.9030086793819125
0.9044119986523184
0.9058153179136196
0.907218637076115
0.9086219561549939
0.9100252751974318
0.9114285942398698
0.9128319132823077
0.9142352323247457
0.9156385513671836
0.9170418704096216
0.9184451894520596
0.9198485084944975
0.9212518275369355
0.9226551465793734
1.025864180622054
1.1279603786686305
1.2300565766442837
1.3321527747168245
1.4342489727893653
1.536345170861906
1.6384413689344468
1.7405375670069876
1.8426337650795284
1.9447299631520691
2.04682616122461
2.1489223592971505
2.251018557369691
2.3531147554422316
2.455210953514772
2.5573071515873127
2.660905137347473
2.764503123120452
2.8681011088423602
2.9716990945642685
3.0752970802861768
3.178895066008085
3.2824930517299933
3.3860910374519015
3.48968902317381
3.593287008895718
3.6968849946176263
3.8004829803395346
3.904080966061443
4.007678951783351
4.111276937505259
4.212751445724933
4.3142259538970364
4.415700462036597
4.517174970278309
4.618649478520021
4.720123986761734
4.821598495003446
4.923073003245158
5.024547511486871
5.126022019728583
5.227496527970295
5.328971036212008
5.43044554445372
5.531920052695432
5.633394560937145
5.73477987231194
5.836165183576287
5.937550494979318
6.038935806291944
6.140321117694975
6.241706429007601
6.343091740410632
6.444477051723258
6.545862363126289
6.647247674438915
6.748632985841946
6.850018297154572
6.9514036085576025
7.0527889198702285
7.1541742312732595
7.261237173933487
7.368300116511456
7.475363059128387
7.5824260017453184
7.68948894436225
7.796551886979181
7.903614829596112
8.010677772213043
8.117740714829974
8.224803657446905
8.331866600063837
8.438929542680768
8.545992485297699
8.65305542791463
8.760118370531561
8.862879902777046
8.965641435011284
9.06840296732682
9.171164499671209
9.273926031986745
9.376687564331133
9.47944909664667
9.582210628991058
9.684972161306595
9.787733693650983
9.89049522596652
9.993256758310908
10.096018290626445
10.198779822970833
10.30154135528637
10.403945564559978
10.5063497737045
10.608753982842742
10.711158191980985
10.813562401119228
10.91596661025747
11.018370819395713
11.120775028533956
11.223179237672198
11.325583446810441
11.427987655948684
11.530391865086926
11.632796074225169
11.735200283363412
11.837604492501654
11.940120020071115
12.042635547714777
12.145151075403493
12.247666603044681
12.35018213076646
12.452697658432706
12.555213186073894
12.657728713795672
12.760244241461919
12.862759769103107
12.965275296824885
13.067790824491132
13.17030635213232
13.272821879854098
13.375337407520345
13.478464211196675
13.581591015046273
13.68471781895447
13.787844622862666
13.890971426770863
13.99409823067906
14.097225034587256
14.200351838495452
14.303478642403649
14.406605446311845
14.509732250220042
14.612859054128238
14.715985858036435
14.819112661944631
14.922239465852828
15.025428766223898
15.128618066735067
15.231807367299615
15.33499666776614
15.438185968330687
15.541375268895235
15.64456456936176
15.747753869926308
15.850943170490856
15.954132470957381
16.057321771521927
16.160511072086475
16.263700372553
16.366889673117548
16.470078973682096
16.572794325686832
16.675509677664383
16.778225029539417
16.88094038141445
16.983655733289485
17.08637108516452
17.189086437039553
17.291801788914587
17.39451714078962
17.497232492664654
17.599947844539688
17.702663196414722
17.805378548289756
17.90809390016479
18.010809252039824
18.115100724334596
18.219392196614947
18.32368366880177
18.42797514098997
18.532266613176795
18.636558085364996
18.74084955755182
18.84514102974002
18.949432501926843
19.053723974115044
19.158015446301867
19.26230691849007
19.36659839067689
19.470889862865093
19.575181335051916
19.678719955988146
19.782258576951513
19.885797197868968
19.989335818786422
20.092874439703877
20.19641306062133
20.299951681538786
20.40349030245624
20.507028923373696
20.61056754429115
20.714106165208605
20.81764478612606
20.921183407043515
21.02472202796097
21.128260648878424
21.235295376657334
21.342330104433522
21.449364832235467
21.556399560037413
21.663434287839358
21.770469015641304
21.87750374344325
21.984538471245195
22.09157319904714
22.198607926849085
22.30564265465103
22.412677382452976
22.519712110254922
22.626746838056867
22.733781565858813
22.837563621324353
22.941345676827304
23.045127732308615
23.148909787789925
23.252691843271236
23.356473898752547
23.46025595423386
23.56403800971517
23.66782006519648
23.77160212067779
23.875384176159102
23.979166231640413
24.082948287121724
24.186730342603035
24.290512398084346
24.392912338761032
24.495312279463178
24.597712220188768
24.700112160914358
24.802512101639948
24.904912042365538
25.007311983091128
25.109711923816718
25.212111864542308
25.314511805267898
25.416911745993488
25.519311686719078
25.621711627444668
25.724111568170258
25.826511508895848
25.929631389593105
26.032751270479967
26.135871151298268
26.23899103211657
26.34211091293487
26.445230793753172
26.548350674571473
26.651470555389775
26.754590436208076
26.857710317026378
26.96083019784468
27.06395007866298
27.16706995948128
27.270189840299583
27.373309721117884
27.47644682980627
27.579583938557054
27.68272104718047
27.785858155910628
27.888995264640787
27.992132373370946
28.095269482101106
28.198406590831265
28.301543699561424
28.404680808291584
28.507817917021743
28.610955025751903
28.714092134482062
28.81722924321222
28.92036635194238
29.02740358863636
29.13444082534402
29.241478061918958
29.348515298493897
29.455552535068836
29.562589771643776
29.669627008218715
29.776664244793654
29.883701481368593
29.990738717943533
30.09777595451847
30.20481319109341
30.31185042766835
30.41888766424329
30.52592490081823
30.629136172862946
30.732347444969438
30.83555871707593
30.938769989182422
31.041981261288914
31.145192533395406
31.248403805501898
31.35161507760839
31.45482634971488
31.558037621821374
31.661248893927866
31.764460166034358
31.86767143814085
31.97088271024734
32.07409398235384
32.17612754045878
32.27816109848433
32.38019465640997
32.48222821451925
32.58426177244489
32.686295330554174
32.78832888847981
32.890362446589094
32.99239600451473
33.094429562624015
33.19646312054965
33.298496678658935
33.40053023658457
33.502563794693856
33.60459735261949
33.70592209405877
33.80724683549423
33.90857157704497
34.00989631872527
34.111221060276
34.2125458019563
34.313870543507036
34.41519528518734
34.51652002673807
34.61784476841837
34.719169509969106
34.82049425164941
34.92181899320014
35.02314373488044
35.124468476431176
35.12586993431806
35.127271392119084
35.128672850037574
35.13007430798235
35.13147576592712
35.132877223871894
35.13427868181667
35.13568013976144
35.137081597706214
35.13848305565099
35.13988451359576
35.14128597154053
35.142687429485306
35.14408888743008
35.14549034537485
35.1468921790906
35.148294012831656
35.14969584672326
35.15109768064583
35.152499514568404
35.153901348490976
35.15530318241355
35.15670501633612
35.15810685025869
35.15950868418126
35.16091051810383
35.162312352026404
35.163714185948976
35.16511601987155
35.16651785379412
35.16791849940202
35.16931914510968
35.17071979076738
35.172120436425075
35.17352108208277
35.17492172774047
35.176322373398165
35.17772301905586
35.17912366471356
35.180524310371254
35.18192495602895
35.18332560168665
35.184726247344344
35.18612689300204
35.18752753865974
35.18892756024368
35.19032758178296
35.19172760328828
35.1931276247936
35.194527646298916
35.195927667804234
35.19732768930955
35.19872771081487
35.20012773232019
35.20152775382551
35.20292777533083
35.20432779683615
35.205727818341465
35.207127839846784
35.208523067624725
35.20991862231833
35.21131417682388
35.212709731338514
35.21410528594124
35.21550084054396
35.216896395146684
35.21829194974941
35.21968750435213
35.221083058954854
35.22247861355758
35.2238741681603
35.225269722763024
35.22666527736575
35.22806083196847
35.229456386571194
35.23085139887774
35.23224641111604
35.23364142359491
35.23503643586397
35.236431448133025
35.23782646040208
35.23922147267114
35.2406164849402
35.242011497209255
35.24340650947831
35.24480152174737
35.24619653401643
35.247591546285484
35.24898655855454
35.2503815708236
35.25177765812162
35.25317374532045
35.254569832355315
35.25596591939848
35.25736200644164
35.2587580934848
35.26015418052796
35.261550267571124
35.262946354614286
35.26434244165745
35.26573852870061
35.26713461574377
35.26853070278693
35.269926789830095
35.271322876873256
35.27271397229694
35.27410506747039
35.27549616278935
35.27688725822592
35.27827835338122
35.27966944878699
35.28106054422356
35.282451639378856
35.28384273478463
35.285233830221195
35.28662492537649
35.288016020782266
35.28940711621883
35.29079821137413
35.2921893067799
35.29358146672326
35.29497362646478
35.2963657864878
35.297757946389765
35.299150106291734
35.3005422661937
35.30193442609567
35.30332658599764
35.304718745899606
35.306110905801575
35.30750306570354
35.30889522560551
35.31028738550748
35.31167954540945
35.313071705311415
35.31445932941555
35.31584695332687
35.317234577367415
35.31862220140796
35.32000982544851
35.321397449489055
35.3227850735296
35.32417269757015
35.325560321610695
35.32694794565124
35.32833556969179
35.329723193732335
35.33111081777288
35.33249844181343
35.333886065853974
35.33527585255142
35.33666563919741
35.338055425847045
35.33944521249668
35.34083499914631
35.34222478579594
35.343614572445574
35.345004359095206
35.34639414574484
35.34778393239447
35.3491737190441
35.350563505693735
35.35195329234337
35.353343078993
35.35473286564263
35.35612260487467
35.357512343986926
35.3589020831257
35.36029182247753
35.36168156182936
35.363071301181186
35.364461040533016
35.365850779884845
35.367240519236674
35.3686302585885
35.37001999794033
35.37140973729216
35.37279947664399
35.37418921599582
35.37557895534765
35.37696574119945
35.37835252722249
35.379739313289846
35.3811260993572
35.38251288542456
35.38389967149192
35.385286457559275
35.38667324362663
35.38806002969399
35.389446815761346
35.3908336018287
35.39222038789606
35.39360717396342
35.394993960030774
35.39638074609813
35.39776781954114
35.39915489299499
35.40054196640288
35.401929039810774
35.403316113218665
35.404703186626556
35.406090260034446
35.40747733344234
35.40886440685023
35.41025148025812
35.41163855366601
35.4130256270739
35.41441270048179
35.41579977388968
35.41718684729757
35.41857408543153
35.419961323424815
35.421348561639256
35.4227357998537
35.42412303806814
35.42551027628258
35.42689751449702
35.42828475271146
35.429671990925904
35.431059229140345
35.43244646735479
35.43383370556923
35.43522094378367
35.43660818199811
35.43799542021255
35.43938341910539
35.44077141781483
35.442159416489744
35.44354741525304
35.44493541402934
35.44632341271627
35.44771141157113
35.44909941033274
35.4504874090275
35.4518754078038
35.45326340649073
35.45465140534559
35.4560394041072
35.45742740280196
35.458815401578256
35.46020368069159
35.46159195965514
35.462980238685574
35.46436851775464
35.46575679682371
35.46714507589278
35.46853335496185
35.46992163403092
35.47130991309999
35.472698192169055
35.474086471238124
35.47547475030719
35.47686302937626
35.47825130844533
35.4796395875144
35.481027619020395
35.48241565059253
35.483803682189986
35.485191713865014
35.486579745435776
35.487967777033234
35.48935580870826
35.49074384027902
35.49213187187648
35.49351990355151
35.49490793512227
35.49629596671973
35.497683998394756
35.49907202996552
35.500460061562976
35.50184771925355
35.50323537681367
35.50462303445024
35.506010691924324
35.50739834939841
35.50878600687249
35.510173664346574
35.51156132182066
35.51294897929474
35.514336636768824
35.51572429424291
35.51711195171699
35.518499609191075
35.51988726666516
35.52127492413924
35.52266600582021
35.52405708741758
35.52544816923468
35.526839251051776
35.52823033286887
35.52962141468597
35.53101249650307
35.532403578320164
35.53379466013726
35.53518574195436
35.536576823771455
35.53796790558855
35.53935898740565
35.540750069222746
35.54214115103984
35.54352933261197
35.54491751425682
35.5463056956702
35.54769387708358
35.549082058496964
35.55047023991035
35.55185842132373
35.55324660273711
35.554634784150494
35.556022965563876
35.55741114697726
35.55879932839064
35.560187509804024
35.561575691217406
35.56296387263079
35.56435067844426
35.56573748409754
35.56712428982043
35.56851109555221
35.569897901283994
35.57128470701578
35.57267151274756
35.574058318479345
35.57544512421113
35.57683192994291
35.578218735674696
35.57960554140648
35.58099234713826
35.58237915287005
35.58376595860183
35.58515688641973
35.58654781391145
35.587938741437334
35.58932966896322
35.5907205964891
35.59211152401498
35.593502451540864
35.59489337906675
35.59628430659263
35.59767523411851
35.599066161644394
35.60045708917028
35.60184801669616
35.60323894422204
35.604629871747925
35.60601826869476
35.60740666567411
35.60879506258118
35.61018345945886
35.61157185633654
35.61296025321422
35.6143486500919
35.61573704696958
35.61712544384726
35.61851384072494
35.619902237602616
35.621290634480296
35.622679031357976
35.624067428235655
35.625455825113335
35.626845963153144
35.62823610107525
35.629626239183374
35.631016377291495
35.632406515399616
35.63379665350774
35.63518679161586
35.63657692972398
35.6379670678321
35.63935720594022
35.64074734404834
35.642137482156464
35.643527620264585
35.644917758372706
35.64630789648083
35.64769609692167
35.64908429733534
35.65047249785341
35.65186069837147
35.65324889888954
35.6546370994076
35.656025299925666
35.65741350044373
35.658801700961796
35.66018990147986
35.661578101997925
35.66296630251599
35.664354503034055
35.66574270355212
35.667130904070184
35.66851867185677
35.669906439807875
35.67129420772856
35.67268197564924
35.67406974356992
35.675457511490606
35.67684527941129
35.67823304733197
35.679620815252655
35.68100858317334
35.68239635109402
35.6837841190147
35.685171886935386
35.68655965485607
35.68794742277675
35.689336890029566
35.690726357464584
35.69211582474997
35.693505292061516
35.694894759373064
35.69628422668461
35.69767369399616
35.699063161307706
35.70045262861925
35.7018420959308
35.70323156324235
35.704621030553895
35.70601049786544
35.70739996517699
35.70878943248854
35.71018006372006
35.71157069477012
35.71296132598778
35.71435195720544
35.7157425884231
35.71713321964076
35.71852385085842
35.71991448207608
35.72130511329374
35.7226957445114
35.72408637572906
35.72547700694672
35.72686763816438
35.72825826938204
35.7296489005997
35.73103903724225
35.73242917396011
35.733819310666746
35.735209447242475
35.736599583818204
35.737989720393934
35.73937985696966
35.74076999354539
35.74216013012112
35.74355026669685
35.74494040327258
35.74633053984831
35.74772067642404
35.74911081299977
35.750500949575496
