0.001397988579170951
0.0027959771184647023
0.001397988579170951
0.0027959771184647023
0.004193965495397528
0.005591954015060787
0.00698994256042207
0.008387930937354895
0.009785919457018155
0.011183908002379436
0.012581896379312263
0.013979884898975522
0.015377873444336804
0.016775861821269628
0.018173850340932888
0.01957183888629417
0.020969827263226996
0.0223682607079899
0.023766694006413777
0.025165127463383223
0.02656356099521505
0.027961994527046875
0.0293604280588787
0.030758861590710528
0.032157295122542354
0.03355572865437418
0.034954162186206006
0.03635259571803783
0.03775102924986966
0.039149462781701484
0.04054789631353331
0.041946329845365136
0.043345881783675405
0.04474543381642953
0.04614498593327126
0.04754453800447852
0.04894409004869279
0.05034364212309699
0.05174319419430425
0.05314274623851852
0.054542298312922725
0.055941850384129986
0.057341402428344256
0.05874095450274846
0.06014050657395572
0.06154005861816999
0.06293961069257419
0.06433957599270947
0.06573954109909647
0.06713950642863223
0.06853947167507358
0.06993943692151494
0.0713394021679563
0.07273936741439765
0.07413933266083901
0.07553929790728037
0.07693926315372172
0.07833922840016308
0.07973919364660444
0.08113915889304579
0.08253912413948715
0.0839390893859285
0.08534061767946326
0.08674214606855525
0.08814367437818135
0.08954520266108126
0.09094673094398117
0.09234825922688109
0.093749787509781
0.09515131579268091
0.09655284407558082
0.09795437235848073
0.09935590064138064
0.10075742892428055
0.10215895720718046
0.10356048549008037
0.10496201377298028
0.10636335923356655
0.10776470467228609
0.10916605008828616
0.11056739565163907
0.11196874121499199
0.11337008677834491
0.11477143234169783
0.11617277790505075
0.11757412346840367
0.11897546903175658
0.1203768145951095
0.12177816015846242
0.12317950572181534
0.12458085128516826
0.1259821968485212
0.12738241343229267
0.12878262995943318
0.1301828464764423
0.1315830630235431
0.13298327957064393
0.13438349611774475
0.13578371266484557
0.1371839292119464
0.1385841457590472
0.13998436230614802
0.14138457885324884
0.14278479540034966
0.14418501194745048
0.1455852284945513
0.14698544504165212
0.14838671422426225
0.149787983447078
0.1511892526357042
0.15259052192703687
0.15399179121836953
0.1553930605097022
0.15679432980103486
0.15819559909236752
0.15959686838370019
0.16099813767503285
0.1623994069663655
0.16380067625769817
0.16520194554903084
0.1666032148403635
0.16800448413169616
0.16940461487897326
0.1708047456135324
0.17220487644163038
0.17360500733693224
0.1750051382322341
0.17640526912753596
0.17780540002283782
0.17920553091813968
0.18060566181344154
0.1820057927087434
0.18340592360404526
0.18480605449934712
0.18620618539464898
0.18760631628995084
0.1890064471852527
0.19040731032926425
0.19180817320690396
0.19320903627936475
0.1946098993055481
0.19601076233173143
0.19741162535791476
0.1988124883840981
0.20021335141028143
0.20161421443646477
0.2030150774626481
0.20441594048883144
0.20581680351501477
0.2072176665411981
0.20861852956738144
0.21001939259356478
0.21141902187748915
0.21281865096486377
0.2142182803438519
0.2156179096783562
0.2170175390128605
0.2184171683473648
0.2198167976818691
0.2212164270163734
0.2226160563508777
0.224015685685382
0.2254153150198863
0.2268149443543906
0.2282145736888949
0.2296142030233992
0.2310138323579035
0.23241495354719158
0.23381607473802693
0.23521719595556934
0.23661831710461548
0.23801943825366162
0.23942055940270776
0.2408216805517539
0.24222280170080004
0.2436239228498462
0.24502504399889233
0.24642616514793847
0.2478272862969846
0.24922840744603075
0.25062952859507687
0.252030649744123
0.25343049973488485
0.2548303495379401
0.2562301994091298
0.2576300491926207
0.25902989897611167
0.2604297487596026
0.26182959854309357
0.2632294483265845
0.26462929811007546
0.2660291478935664
0.26742899767705736
0.2688288474605483
0.27022869724403925
0.2716285470275302
0.27302839681102115
0.2744297087192841
0.2758310204486479
0.2772323322710505
0.27863364426619525
0.28003495626134
0.28143626825648477
0.28283758025162953
0.2842388922467743
0.28564020424191905
0.2870415162370638
0.28844282823220857
0.28984414022735333
0.2912454522224981
0.29264676421764285
0.2940480762127876
0.2954505911463502
0.29685310589520225
0.29825562053043553
0.29965813533914015
0.3010606501478448
0.3024631649565494
0.303865679765254
0.30526819457395865
0.3066707093826633
0.3080732241913679
0.3094757390000725
0.31087825380877715
0.3122807686174818
0.3136832834261864
0.315085798234891
0.3164874255524401
0.31788905284314956
0.31929067988601717
0.3206923069288848
0.3220939339717524
0.32349556101462
0.32489718805748763
0.32629881510035524
0.32770044214322286
0.3291020691860905
0.3305036962289581
0.3319053232718257
0.3333069503146933
0.33470857735756093
0.33611020440042855
0.33751287177800926
0.3389155388609555
0.34031820639438737
0.34172087375995075
0.34312354112551413
0.3445262084910775
0.3459288758566409
0.3473315432222043
0.34873421058776766
0.35013687795333104
0.3515395453188944
0.3529422126844578
0.3543448800500212
0.35574754741558456
0.35715021478114795
0.35855266715145795
0.3599551195056392
0.36135757204842406
0.3627600246224875
0.364162477196551
0.36556492977061444
0.3669673823446779
0.36836983491874137
0.36977228749280483
0.3711747400668683
0.37257719264093175
0.3739796452149952
0.3753820977890587
0.37678455036312214
0.3781870029371856
0.3795897404526881
0.38099247788803187
0.38239521533927257
0.3837979529460151
0.38520069055275763
0.38660342815950016
0.3880061657662427
0.3894089033729852
0.39081164097972776
0.3922143785864703
0.3936171161932128
0.39501985379995536
0.3964225914066979
0.3978253290134404
0.39922806662018295
0.40063018472397166
0.402032302791579
0.40343442082242786
0.4048365390107425
0.40623865719905716
0.4076407753873718
0.40904289357568646
0.4104450117640011
0.41184712995231576
0.4132492481406304
0.41465136632894506
0.4160534845172597
0.41745560270557436
0.418857720893889
0.42025983908220366
0.42166279779469096
0.4230657567691127
0.4244687155864724
0.42587167440383217
0.4272746332211919
0.42867759203855166
0.4300805508559114
0.43148350967327115
0.4328864684906309
0.43428942730799064
0.4356923861253504
0.43709534494271013
0.4384983037600699
0.4399012625774296
0.44130422139478936
0.442707602160762
0.44411098280581945
0.44551436343854095
0.44691774407126245
0.44832112470398394
0.44972450533670544
0.45112788596942693
0.45253126660214843
0.4539346472348699
0.4553380278675914
0.4567414085003129
0.4581447891330344
0.4595481697657559
0.4609515503984774
0.4623549310311989
0.463757784177384
0.4651606374364584
0.4665634907056305
0.46796634402562987
0.4693691973456292
0.47077205066562855
0.4721749039856279
0.47357775730562723
0.4749806106256266
0.4763834639456259
0.47778631726562526
0.4791891705856246
0.48059202390562394
0.4819948772256233
0.48339773054562263
0.4847990247474992
0.4862003190310083
0.48760161320598
0.4890029073520906
0.49040420149820124
0.49180549564431186
0.4932067897904225
0.4946080839365331
0.4960093780826437
0.49741067222875435
0.49881196637486497
0.5002132605209756
0.5016145546670862
0.5030158488131967
0.5044171429593073
0.5058197458263312
0.5072223487531881
0.5086249516916791
0.5100275544639857
0.5114301572362924
0.512832760008599
0.5142353627809056
0.5156379655532123
0.5170405683255189
0.5184431710978256
0.5198457738701322
0.5212483766424388
0.5226509794147455
0.5240535821870521
0.5254561849593588
0.526860751581587
0.5282653179804236
0.529669884229676
0.5310744506256484
0.5324790170216208
0.5338835834175932
0.5352881498135657
0.5366927162095381
0.5380972826055105
0.5395018490014829
0.5409064153974553
0.5423109817934277
0.5437155481894002
0.5451201145853726
0.546524680981345
0.5479336024933505
0.549342524085932
0.5507514457244547
0.5521603672841519
0.553569288843849
0.5549782104035462
0.5563871319632434
0.5577960535229406
0.5592049750826378
0.560613896642335
0.5620228182020321
0.5634317397617293
0.5648406613214265
0.5662495828811237
0.5676585044408209
0.5690659241241551
0.5704733440193258
0.5718807638405614
0.573288183661797
0.5746956034830326
0.5761030233042682
0.5775104431255038
0.5789178629467394
0.580325282767975
0.5817327025892106
0.5831401224104462
0.5845475422316818
0.5859549620529174
0.587362381874153
0.5887698016953886
0.5901766277163002
0.5915834538380305
0.5929902798656168
0.5943971058932032
0.5958039319207895
0.5972107579483759
0.5986175839759622
0.6000244100035486
0.6014312360311349
0.6028380620587213
0.6042448880863076
0.605651714113894
0.6070585401414803
0.6084653661690667
0.609872192196653
0.6112805677868618
0.6126889432526762
0.6140973187176556
0.6155056942449346
0.6169140697722136
0.6183224452994927
0.6197308208267717
0.6211391963540507
0.6225475718813297
0.6239559474086087
0.6253643229358877
0.6267726984631667
0.6281810739904458
0.6295894495177248
0.6309978250450038
0.6324061663965211
0.6338145077241687
0.6352228491853215
0.6366311906464742
0.638039532107627
0.6394478735687797
0.6408562150299325
0.6422645564910853
0.643672897952238
0.6450812394133908
0.6464895808745436
0.6478979223356963
0.6493062637968491
0.6507146052580018
0.6521229467191546
0.6535307567300634
0.6549385665126113
0.6563463764016099
0.6577541862906084
0.659161996179607
0.6605698060686056
0.6619776159576042
0.6633854258466028
0.6647932357356013
0.6662010456245999
0.6676088555135985
0.6690166654025971
0.6704244752915957
0.6718322851805942
0.6732400950695928
0.6746482093834801
0.6760563235931065
0.6774644378575241
0.6788725523257172
0.6802806667939103
0.6816887812621034
0.6830968957302965
0.6845050101984896
0.6859131246666827
0.6873212391348759
0.688729353603069
0.6901374680712621
0.6915455825394552
0.6929536970076483
0.6943618114758414
0.6957705289261652
0.6971792461860594
0.6985879635499695
0.6999966807971185
0.7014053980442675
0.7028141152914165
0.7042228325385654
0.7056315497857144
0.7070402670328634
0.7084489842800124
0.7098577015271613
0.7112664187743103
0.7126751360214593
0.7140838532686082
0.7154925705157572
0.7169004706461836
0.718308370939607
0.7197162712438689
0.7211241713537868
0.7225320716181461
0.7239399716828628
0.7253478717927807
0.72675577205714
0.7281636721218567
0.7295715722317746
0.7309794724961339
0.7323873725608506
0.7337952726707685
0.7352031729351278
0.7366110729998445
0.7380187707115139
0.7394264682594293
0.7408341657041881
0.7422418632570562
0.7436495608099243
0.7450572583627924
0.7464649559156604
0.7478726534685285
0.7492803510213966
0.7506880485742646
0.7520957461271327
0.7535034436800008
0.7549111412328688
0.7563188387857369
0.757726536338605
0.7591343578198375
0.7605421791264884
0.7619500005531179
0.7633578219797474
0.764765643406377
0.7661734648330065
0.7675812862596361
0.7689891076862656
0.7703969291128951
0.7718047505395247
0.7732125719661542
0.7746203933927838
0.7760282148194133
0.7774360362460428
0.7788438576726724
0.780253135649544
0.7816624135967609
0.7830716915581076
0.7844809695985905
0.7858902476390733
0.7872995256795562
0.788708803720039
0.7901180817605219
0.7915273598010047
0.7929366378414876
0.7943459158819705
0.7957551939224533
0.7971644719629362
0.798573750003419
0.7999830280439019
0.8013925087401953
0.8028019894539845
0.8042114701690506
0.8056209509142416
0.8070304316594326
0.8084399124046235
0.8098493931498145
0.8112588738950055
0.8126683546401965
0.8140778353853875
0.8154873161305785
0.8168967968757694
0.8183062776209604
0.8197157583661514
0.8211252391113424
0.8225318404289096
0.8239384417034927
0.8253450426993688
0.8267516438710509
0.828158245042733
0.8295648462144152
0.8309714473860973
0.8323780485577794
0.8337846497294615
0.8351912509011437
0.8365978520728258
0.8380044532445079
0.83941105441619
0.8408176555878721
0.8422242567595543
0.8436327707283379
0.845041284901296
0.8464497990261228
0.8478583131509496
0.8492668272757764
0.8506753414006032
0.85208385552543
0.8534923696502568
0.8549008837750836
0.8563093978999103
0.8577179120247371
0.8591264261495639
0.8605349402743907
0.8619434543992175
0.8633519685240443
0.8647598202630917
0.8661676719287182
0.867575523710643
0.8689833754925677
0.8703912272744924
0.8717990790564171
0.8732069308383418
0.8746147826202665
0.8760226344021912
0.8774304861841159
0.8788383379660406
0.8802461897479653
0.88165404152989
0.8830618933118147
0.8844697450937394
0.8858769275998439
0.8872841101133883
0.8886912924948366
0.8900984748762849
0.8915056572577332
0.8929128396391816
0.8943200220206299
0.8957272044020782
0.8971343867835265
0.8985415691649749
0.8999487515464232
0.9013559339278715
0.9027631163093198
0.9041702986907681
0.9055774810722165
0.906984012683467
0.9083905441410599
0.909797075667396
0.9112036072476531
0.9126101386822503
0.9140166701168474
0.9154232015514445
0.9168297329860416
0.9182362644206388
0.9196427958552359
0.921049327289833
0.9224558587244301
0.9238623901590273
0.9252689215936244
1.0407791156647033
1.1564131412203607
1.2720471667033353
1.3876811922847148
1.5033152178660942
1.6189492434474737
1.7345832690288532
1.8502172946102327
1.9658513201916121
2.081485345772992
2.1971193713543715
2.312753396935751
2.428387422517131
2.5440214480985106
2.6596554736798903
2.77528949926127
2.8908299179023933
3.0063703366318895
3.1219107552380447
3.2374511738442
3.3529915924503553
3.4685320110565105
3.584072429662666
3.699612848268821
3.8151532668749764
3.9306936854811316
4.046234104087287
4.161774522693443
4.277314941299598
4.392855359905753
4.508395778511908
4.623829035329748
4.73926229217991
4.854695549222914
4.970128805984623
5.085562062746332
5.200995319508041
5.31642857626975
5.431861833031459
5.5472950897931685
5.662728346554878
5.778161603316587
5.893594860078296
6.009028116840005
6.124461373601714
6.239894630363423
6.355323696850769
6.470752763322691
6.586181829784057
6.701610896087518
6.817039962548884
6.932469028852344
7.04789809531371
7.16332716161717
7.278756228078536
7.394185294381996
7.509614360843362
7.625043427146823
7.740472493608189
7.855901559911649
7.971330626373015
8.086821409477478
8.20231219256409
8.317802975580602
8.433293758597113
8.548784541613625
8.664275324630136
8.779766107646648
8.895256890663159
9.01074767367967
9.126238456696182
9.241729239712694
9.357220022729205
9.472710805745717
9.588201588762228
9.70369237177874
9.819313904765274
9.934935437692287
10.050556970699395
10.166178503678308
10.281800036685416
10.39742156966433
10.513043102671437
10.62866463565035
10.744286168657458
10.859907701636372
10.97552923464348
11.091150767622393
11.2067723006295
11.322393833608414
11.438015366615522
11.553658080217172
11.66930079379776
11.784943507448308
11.900586221098855
12.016228934749403
12.131871648399951
12.247514362050499
12.363157075701046
12.478799789351594
12.594442503002142
12.71008521665269
12.825727930303238
12.941370643953785
13.057013357604333
13.172656071254881
13.28826904211273
13.40388201289383
13.519494983683293
13.635107954430012
13.750720925188395
13.866333895828681
13.9819468665754
14.097559837333783
14.21317280797407
14.328785778720789
14.444398749479172
14.560011720119459
14.675624690866178
14.79123766162456
14.906850632264847
15.022422375707825
15.137994119214571
15.253565862736576
15.36913760625858
15.484709349780584
15.600281093302588
15.715852836824592
15.831424580346596
15.9469963238686
16.062568067390604
16.178139810912608
16.293711554434612
16.409283297956616
16.52485504147862
16.640426785000624
16.75600097341789
16.87157516185928
16.987149350427547
17.10272353901622
17.218297727589988
17.333871916158255
17.44944610474693
17.565020293320696
17.680594481888964
17.796168670477638
17.911742859051405
18.027317047619672
18.142891236208346
18.258465424782113
18.37403961335038
18.489659528442616
18.60527944354223
18.720899358644434
18.83651927374664
18.952139188848843
19.067759103951047
19.183379019053252
19.298998934155456
19.41461884925766
19.530238764359865
19.64585867946207
19.761478594564274
19.877098509666478
19.992718424768682
20.108338339870887
20.223892299211908
20.33944625865775
20.455000217923523
20.57055417736329
20.686108136629066
20.801662096068835
20.91721605533461
21.03277001477438
21.148323974040153
21.26387793347992
21.379431892745696
21.494985852185465
21.61053981145124
21.72609377089101
21.841647730156783
21.95718487756878
22.072722024982784
22.188259172368685
22.303796319720284
22.419333467071883
22.534870614423482
22.65040776177508
22.76594490912668
22.88148205647828
22.99701920382988
23.112556351181478
23.228093498533077
23.343630645884677
23.459167793236276
23.574704940587875
23.69018964361361
23.80567434666614
23.921159049588866
24.03664375251159
24.152128455434315
24.26761315835704
24.383097861279765
24.49858256420249
24.614067267125215
24.72955197004794
24.845036672970664
24.96052137589339
25.076006078816114
25.19149078173884
25.306975484661564
25.422527197074142
25.538078909634716
25.65363062209662
25.769182334558526
25.88473404702043
26.000285759482335
26.11583747194424
26.231389184406144
26.34694089686805
26.462492609329953
26.578044321791857
26.693596034253762
26.809147746715666
26.92469945917757
27.040251171639476
27.155893765370767
27.27153635903714
27.387178952715338
27.502821546393537
27.618464140071737
27.734106733749936
27.849749327428135
27.965391921106335
28.081034514784534
28.196677108462733
28.312319702140933
28.427962295819132
28.54360488949733
28.65924748317553
28.77489007685373
28.890461549337207
29.006033021674956
29.121604494037392
29.23717596639983
29.352747438762265
29.4683189111247
29.583890383487137
29.699461855849574
29.81503332821201
29.930604800574447
30.046176272936883
30.16174774529932
30.277319217661756
30.392890690024192
30.50846216238663
30.62403430937315
30.739606456328694
30.85517860335515
30.97075075038426
31.086322897413368
31.201895044442477
31.317467191471586
31.433039338500695
31.548611485529804
31.664183632558913
31.779755779588022
31.89532792661713
32.01090007364624
32.126472220675346
32.24204436770445
32.35752955373089
32.47301473979363
32.58849992571362
32.70398511163361
32.81947029755359
32.93495548347358
33.050440669393566
33.16592585531355
33.28141104123354
33.396896227153526
33.51238141307351
33.6278665989935
33.743351784913486
33.85883697083347
33.97432215675346
34.08983245960145
34.20534276239797
34.320853065194484
34.436363367991
34.551873670787515
34.66738397358403
34.782894276380546
34.89840457917706
35.01391488197358
35.12942518477009
35.24493548756661
35.36044579036312
35.47595609315964
35.591466395956154
35.70697669875267
35.82260894602775
35.938241193362586
36.05387344047489
36.16950568761903
36.28513793473133
36.40077018187547
36.516402428987774
36.632034676131916
36.74766692324422
36.86329917038836
36.97893141750066
37.0945636646448
37.210195911757104
37.325828158901246
37.44146040601355
37.5568871680259
37.672313930169295
37.78774069233611
37.903167454464814
38.01859421663163
38.13402097876033
38.249447740927145
38.36487450305585
38.480301265222664
38.59572802735137
38.71115478951818
38.82658155164689
38.9420083138137
39.05743507594241
39.17286183810922
39.1742667863536
39.175671734549766
39.17707668283109
39.178481630971724
39.179886579112356
39.18129152725299
39.18269647539362
39.18410142353425
39.18550637167488
39.186911319815515
39.18831626795615
39.18972121609678
39.19112616423741
39.19253111237804
39.19393606051867
39.195341328515575
39.196746596628934
39.19815186474465
39.19955713286037
39.20096240097609
39.20236766909181
39.203772937207525
39.20517820532324
39.20658347343896
39.20798874155468
39.2093940096704
39.210799277786116
39.212204545901834
39.21360981401755
39.21501508213327
39.2164193392131
39.21782359634577
39.219227853143906
39.220632109942045
39.222036366740184
39.22344062353832
39.22484488033646
39.2262491371346
39.22765339393274
39.22905765073088
39.23046190752902
39.23186616432716
39.2332704211253
39.23467467792344
39.236078934721576
39.23748266068714
39.23888638659545
39.24029011274888
39.24169383890231
39.243097565055734
39.24450129120916
39.24590501736259
39.247308743516015
39.24871246966944
39.25011619582287
39.251519921976296
39.25292364812972
39.25432737428315
39.25573110043658
39.257131205167276
39.25853158862797
39.25993197204035
39.26133235543291
39.262732738866006
39.2641331222991
39.26553350573219
39.26693388916529
39.26833427259838
39.269734656031474
39.27113503946457
39.27253542289766
39.273935806330755
39.27533618976385
39.27673657319694
39.278136956630036
39.27953687770032
39.28093679899541
39.282336720222176
39.28373664138549
39.2851365625488
39.28653648371211
39.287936404875424
39.289336326038736
39.29073624720205
39.29213616836536
39.29353608952867
39.294936010691984
39.296335931855296
39.29773585301861
39.29913577418192
39.30053661151941
39.301937448939356
39.30333828612807
39.304739123433635
39.3061399607392
39.30754079804477
39.30894163535034
39.310342472655904
39.31174330996147
39.31314414726704
39.314544984572606
39.315945821878174
39.31734665918374
39.31874749648931
39.320148333794876
39.32154492085753
39.322941508087105
39.324338095401146
39.32573468288384
39.32713127032393
39.32852785762234
39.329924445105036
39.33132103254513
39.332717619843535
39.33411420732623
39.33551079476632
39.33690738206473
39.338303969547425
39.339700556987516
39.341097144285925
39.34249463684905
39.34389212948053
39.34528962208215
39.34668711461989
39.34808460715763
39.34948209969537
39.35087959223311
39.352277084770854
39.353674577308595
39.35507206984634
39.35646956238408
39.35786705492182
39.35926454745956
39.3606620399973
39.36205953253504
39.36345317062966
39.36484680860327
39.36624044680685
39.36763408501043
39.36902772321401
39.37042136141759
39.37181499962117
39.37320863782475
39.374602276028334
39.375995914231915
39.377389552435496
39.378783190639076
39.38017682884266
39.38157046704624
39.38296410524982
39.384359580288496
39.38575505532811
39.38715053032314
39.38854600531817
39.3899414803132
39.391336955308226
39.392732430303255
39.394127905298284
39.39552338029331
39.39691885528834
39.39831433028337
39.3997098052784
39.40110528027343
39.402500755268456
39.403896230263484
39.405291665088235
39.40668709985639
39.40808253465379
39.409477969563895
39.410873404473996
39.4122688393841
39.4136642742942
39.4150597092043
39.4164551441144
39.4178505790245
39.419246013934604
39.420641448844705
39.42203688375481
39.42343231866491
39.42482775357501
39.42622068064565
39.42761360774586
39.429006534891116
39.43039946203637
39.43179238918162
39.43318531632688
39.43457824347213
39.435971170617385
39.43736409776264
39.43875702490789
39.44014995205315
39.4415428791984
39.442935806343655
39.44432873348891
39.44572166063416
39.44711483144606
39.44850800222749
39.44990117298914
39.45129434375078
39.45268751451243
39.45408068527407
39.45547385603572
39.45686702679736
39.45826019755901
39.45965336832065
39.4610465390823
39.46243970984394
39.46383288060559
39.46522605136723
39.46661922212888
39.468012532662534
39.469405843235386
39.47079915382619
39.472192464417
39.473585775007805
39.47497908559861
39.47637239618942
39.477765706780225
39.47915901737103
39.48055232796184
39.481945638552645
39.48333894914345
39.48473225973426
39.486125570325065
39.48751888091587
39.4889128371474
39.49030679314578
39.49170074905863
39.49309470514144
39.49448866115533
39.495882617094544
39.497276573079525
39.498670529127104
39.500064485283616
39.50145844129751
39.50285239723672
39.5042463532217
39.50564030926928
39.507034265425794
39.50842822143969
39.509822415356176
39.51121660916131
39.512610802869304
39.51400499669826
39.51539919052722
39.51679338435618
39.518187578185135
39.51958177201409
39.52097596584305
39.52237015967201
39.523764353500965
39.52515854732992
39.52655274115888
39.52794693498784
39.529341128816796
39.53073511273002
39.53212909666469
39.53352308045265
39.53491706434617
39.536311048176415
39.53770503196438
39.53909901585789
39.54049299968814
39.541886983476104
39.54328096736962
39.544674951199866
39.54606893498783
39.547462918881344
39.54885690271159
39.550250886499555
39.55164455298726
39.55303821958932
39.55443188604151
39.5558255525793
39.55721921911709
39.558612885654874
39.56000655219266
39.56140021873045
39.562793885268235
39.56418755180602
39.56558121834381
39.566974884881596
39.56836855141938
39.56976221795717
39.57115588449496
39.57255246006053
39.57394903577448
39.57534561151823
39.57674218726198
39.578138763005725
39.57953533874947
39.58093191449322
39.58232849023697
39.583725065980715
39.58512164172446
39.58651821746821
39.58791479321196
39.589311368955705
39.59070794469945
39.5921045204432
39.593498631655095
39.59489274286978
39.59628685390718
39.59768096494458
39.59907507598198
39.60046918701938
39.60186329805678
39.60325740909418
39.604651520131576
39.606045631168975
39.607439742206374
39.60883385324377
39.61022796428117
39.61162207531857
39.61301618635597
39.61440913021145
39.61580207407182
39.61719501781516
39.618587961729865
39.61998090564457
39.62137384955927
39.62276679347397
39.62415973738867
39.625552681303375
39.62694562521808
39.62833856913278
39.62973151304748
39.63112445696218
39.632517400876885
39.63391034479159
39.635306789652454
39.636703234508055
39.63809967924331
39.63949612397857
39.640892568713824
39.64228901344908
39.643685458184336
39.64508190291959
39.64647834765485
39.647874792390105
39.64927123712536
39.65066768186062
39.652064126595874
39.65346057133113
39.65485701606639
39.65625131007257
39.65764560410709
39.65903989801959
39.66043419205411
39.66182848608863
39.66322278012315
39.66461707415767
39.66601136819219
39.667405662226706
39.668799956261225
39.670194250295744
39.67158854433026
39.67298283836478
39.6743771323993
39.67577142643382
39.67716720018517
39.678562973990225
39.67995874776231
39.6813545215344
39.68275029530649
39.68414606907858
39.68554184285067
39.68693761662276
39.688333390394845
39.689729164166934
39.69112493793902
39.69252071171111
39.6939164854832
39.69531225925529
39.69670803302738
39.698102160324154
39.699496287683786
39.700890414898225
39.702284542112665
39.703678669327104
39.70507279654154
39.70646692375598
39.70786105097042
39.70925517818486
39.7106493053993
39.71204343261374
39.71343755982818
39.71483168704262
39.71622581425706
39.7176199414715
39.7190137015945
39.720407461774634
39.721801221858
39.72319498194137
39.724588742024736
39.7259825021081
39.72737626219147
39.72877002227484
39.730163782358204
39.73155754244157
39.73295130252494
39.734345062608305
39.73573882269167
39.73713258277504
39.73852634285841
39.739921546600854
39.741316750272325
39.74271195390535
39.74410715770029
39.745502361495234
39.746897565290176
39.74829276908512
39.74968797288006
39.751083176675
39.752478380469945
39.75387358426489
39.75526878805983
39.75666399185477
39.758059195649714
39.75945439944466
39.76085059234953
39.76224678504557
39.76364297807501
39.765039171104455
39.7664353641339
39.76783155716334
39.76922775019278
39.770623943222226
39.77202013625167
39.77341632928111
39.774812522310555
39.77620871534
39.77760490836944
39.77900110139888
39.780397294428326
39.78179306701676
39.78318883954137
39.78458461206598
39.78598038477791
39.78737615748984
39.78877193020177
39.7901677029137
39.79156347562563
39.79295924833756
39.79435502104949
39.79575079376142
39.79714656647335
39.79854233918528
39.79993811189721
39.80133388460914
