0.0013693460794636843
0.0027386925529664804
0.004108038834867398
0.005477385047667436
0.0068467315338526635
0.008216077756498432
0.00958542396929847
0.010954770455483697
0.012324116678129465
0.013693462890929504
0.01506280937711473
0.0164321555997605
0.017801501812560537
0.019170848298745765
0.020540194521391532
0.02191040814591151
0.02328062175890578
0.02465083537883395
0.02602104902306128
0.02739126266728861
0.02876147631151594
0.03013168995574327
0.0315019035999706
0.032872117244197925
0.03424233088842525
0.03561254453265258
0.036982758176879904
0.03835297182110723
0.03972318546533456
0.04109339910956188
0.04246585969675998
0.04383832022120378
0.04521078061453454
0.046583241056418166
0.047955701581039546
0.04932816218126951
0.050700622623153134
0.052073083147774514
0.053445543748004476
0.0548180041898881
0.05619046471450948
0.057562925314739444
0.05893538575662307
0.06030784628124445
0.06168030688147441
0.06305360046116806
0.06442689395760727
0.06580018752611168
0.06717348119953145
0.06854677487295123
0.069920068546371
0.07129336221979078
0.07266665589321056
0.07403994956663033
0.07541324324005011
0.07678653691346989
0.07815983058688966
0.07953312426030944
0.08090641793372921
0.08227971160714899
0.08365613911689063
0.08503256618433247
0.08640899336684088
0.08778542067206135
0.08916184797728183
0.0905382752825023
0.09191470258772277
0.09329112989294325
0.09466755719816372
0.0960439845033842
0.09742041180860467
0.09879683911382514
0.10017326641904561
0.10154969372426609
0.10292612102948656
0.1043021813760781
0.10567824192020935
0.10705430245325212
0.10843036317092727
0.10980642388860243
0.11118248460627758
0.11255854532395274
0.11393460604162789
0.11531066675930304
0.1166867274769782
0.11806278819465335
0.1194388489123285
0.12081490963000366
0.12219097034767881
0.12356703106535397
0.12494082811700427
0.12631462553977443
0.12768842308505243
0.12906222067888654
0.13043601827272064
0.13180981586655474
0.13318361346038884
0.13455741105422295
0.13593120864805705
0.13730500624189115
0.13867880383572526
0.14005260142955936
0.14142639902339346
0.14280019661722756
0.14417399421106167
0.14554990197473577
0.1469258095750048
0.14830171721551527
0.14967762482189736
0.15105353242827946
0.15242944003466155
0.15380534764104364
0.15518125524742574
0.15655716285380783
0.15793307046018992
0.15930897806657202
0.1606848856729541
0.1620607932793362
0.1634367008857183
0.1648126084921004
0.16618623393175871
0.16755985961066144
0.16893348527491436
0.1703071110698466
0.17168073678635337
0.17305436250286013
0.1744279882193669
0.17580161393587365
0.1771752396523804
0.17854886536888717
0.17992249108539393
0.1812961168019007
0.18266974251840745
0.1840433682349142
0.18541699395142097
0.18679208696432126
0.18816717971565927
0.18954227243786417
0.19091736516006907
0.19229245788227398
0.19366755060447888
0.19504264332668378
0.19641773604888868
0.19779282877109358
0.19916792149329848
0.20054301421550338
0.20191810693770829
0.2032931996599132
0.2046682923821181
0.206043385104323
0.20741600153983997
0.20878861800044832
0.21016123450333604
0.2115338510054163
0.21290646750749656
0.21427908400957682
0.21565170051165708
0.21702431701373734
0.2183969335158176
0.21976955001789786
0.22114216651997812
0.22251478302205838
0.22388739952413864
0.2252600160262189
0.22663263252829915
0.2280082434340645
0.22938385412298867
0.23075946485602744
0.23213507548042678
0.23351068610482612
0.23488629672922545
0.2362619073536248
0.23763751797802413
0.23901312860242346
0.2403887392268228
0.24176434985122214
0.24313996047562147
0.2445155711000208
0.24589118172442015
0.2472667923488195
0.24863985449367565
0.250012916796456
0.2513859789220767
0.25275904107336733
0.25413210322465796
0.2555051653759486
0.2568782275272392
0.25825128967852984
0.25962435182982047
0.2609974139811111
0.2623704761324017
0.26374353828369235
0.265116600434983
0.2664896625862736
0.26786272473756423
0.2692387182005257
0.27061471116856967
0.27199070443905055
0.2733666975053802
0.2747426905717098
0.27611868363803943
0.27749467670436906
0.2788706697706987
0.2802466628370283
0.28162265590335794
0.28299864896968757
0.2843746420360172
0.28575063510234683
0.28712662816867646
0.2885026212350061
0.28988102839147667
0.29125943539177185
0.2926378426341652
0.29401624967653117
0.29539465671889714
0.2967730637612631
0.2981514708036291
0.29952987784599505
0.300908284888361
0.302286691930727
0.30366509897309296
0.30504350601545893
0.3064219130578249
0.30780032010019087
0.30917872714255684
0.31055535243897064
0.31193197834039904
0.3133086038429652
0.3146852293455314
0.31606185484809757
0.31743848035066374
0.3188151058532299
0.3201917313557961
0.32156835685836227
0.32294498236092845
0.3243216078634946
0.3256982333660608
0.32707485886862697
0.32845148437119315
0.3298281098737593
0.33120682339115004
0.33258553685504444
0.3339642502049528
0.3353429635813505
0.33672167695774824
0.33810039033414596
0.3394791037105437
0.3408578170869414
0.34223653046333913
0.34361524383973685
0.3449939572161346
0.3463726705925323
0.34775138396893
0.34913009734532774
0.35050881072172546
0.35188709244293476
0.3532653743991342
0.3546436564274341
0.35602193831007256
0.357400220192711
0.35877850207534945
0.3601567839579879
0.36153506584062634
0.3629133477232648
0.3642916296059032
0.36566991148854167
0.3670481933711801
0.36842647525381855
0.369804757136457
0.37118303901909544
0.3725618936744329
0.37394074800698146
0.3753196022631272
0.3766984566360503
0.37807731100897335
0.3794561653818964
0.3808350197548195
0.38221387412774255
0.3835927285006656
0.3849715828735887
0.38635043724651175
0.3877292916194348
0.3891081459923579
0.39048700036528095
0.391865854738204
0.39324346541150484
0.39462107627335713
0.39599868717219555
0.3973762978971097
0.39875390862202387
0.400131519346938
0.4015091300718522
0.40288674079676634
0.4042643515216805
0.40564196224659466
0.4070195729715088
0.40839718369642297
0.40977479442133713
0.4111524051462513
0.41253001587116545
0.4139093149436531
0.4152886138072808
0.41666791264173614
0.4180472115578222
0.41942651047390833
0.42080580938999446
0.4221851083060806
0.4235644072221667
0.42494370613825283
0.42632300505433895
0.4277023039704251
0.4290816028865112
0.43046090180259733
0.43184020071868345
0.4332194996347696
0.43459964640791504
0.43597979290322153
0.4373599393981409
0.43874008584626545
0.44012023229439
0.4415003787425146
0.44288052519063914
0.4442606716387637
0.44564081808688827
0.44702096453501283
0.4484011109831374
0.44978125743126196
0.4511614038793865
0.4525415503275111
0.45392169677563565
0.4553007834018883
0.45667987028680385
0.45805895702098254
0.45943804364778057
0.4608171302745786
0.46219621690137663
0.46357530352817466
0.4649543901549727
0.46633347678177073
0.46771256340856876
0.4690916500353668
0.4704707366621648
0.47184982328896286
0.4732289099157609
0.4746079965425589
0.47598395406982563
0.4773599116329343
0.4787358693160241
0.4801118269085605
0.48148778450109697
0.4828637420936334
0.48423969968616987
0.4856156572787063
0.48699161487124276
0.4883675724637792
0.48974353005631566
0.4911194876488521
0.49249544524138855
0.493871402833925
0.49524736042646145
0.4966259446436012
0.4980045286232833
0.49938311270911934
0.5007616967977147
0.5021402808863099
0.5035188649749052
0.5048974490635004
0.5062760331520957
0.5076546172406909
0.5090332013292862
0.5104117854178815
0.5117903695064767
0.513168953595072
0.5145475376836672
0.5159261217722625
0.5173086524587844
0.5186911831690307
0.5200737138365282
0.5214562443065855
0.5228387747766429
0.5242213052467002
0.5256038357167575
0.5269863661868148
0.5283688966568721
0.5297514271269295
0.5311339575969868
0.5325164880670441
0.5338990185371014
0.5352815490071587
0.5366640794772161
0.5380573820390909
0.5394506839530621
0.5408439859955424
0.5422372880165102
0.5436305900374779
0.5450238920584457
0.5464171940794135
0.5478104961003812
0.549203798121349
0.5505971001423168
0.5519904021632845
0.5533837041842523
0.5547770062052201
0.5561703082261878
0.5575636102471556
0.5589538872441963
0.5603441642731218
0.5617344413142342
0.5631247183553466
0.564514995396459
0.5659052724375714
0.5672955494786838
0.5686858265197962
0.5700761035609085
0.5714663806020209
0.5728566576431333
0.5742469346842457
0.5756372117253581
0.5770274887664705
0.5784177658075829
0.5798068480961951
0.5811959302567855
0.5825850123827919
0.5839740944974244
0.5853631767912123
0.5867522589172187
0.5881413410318512
0.5895304233256391
0.5909195054516455
0.592308587566278
0.5936976698600659
0.5950867519860723
0.5964758341007048
0.5978649163944927
0.5992539985204991
0.6006462005210518
0.6020384021028781
0.6034306037544496
0.6048228055077561
0.6062150072610627
0.6076072090143693
0.6089994107676758
0.6103916125209824
0.611783814274289
0.6131760160275955
0.6145682177809021
0.6159604195342087
0.6173526212875152
0.6187448230408218
0.6201370247941284
0.6215291578067809
0.6229212908922188
0.6243134240975723
0.6257055573029258
0.6270976905082792
0.6284898237136327
0.6298819569189862
0.6312740901243397
0.6326662233296931
0.6340583565350466
0.6354504897404001
0.6368426229457536
0.638234756151107
0.6396268893564605
0.641019022561814
0.6424100852991135
0.6438011481412623
0.6451922110214177
0.646583273901573
0.6479743367817283
0.6493653996618837
0.650756462542039
0.6521475254221943
0.6535385883023497
0.654929651182505
0.6563207140626603
0.6577117769428157
0.659102839822971
0.6604939027031264
0.6618849655832817
0.6632766413395246
0.6646683169364743
0.6660599926148852
0.6674516681483749
0.6688433436818645
0.6702350192153541
0.6716266947488437
0.6730183702823334
0.674410045815823
0.6758017213493126
0.6771933968828022
0.6785850724162918
0.6799767479497815
0.6813684234832711
0.6827600990167607
0.6841529895487503
0.6855458802000979
0.6869387711037397
0.6883316617902849
0.6897245524768302
0.6911174431633754
0.6925103338499207
0.6939032245364659
0.6952961152230112
0.6966890059095564
0.6980818965961016
0.6994747872826469
0.7008676779691921
0.7022605686557374
0.7036534593422826
0.7050447037864042
0.7064359482547723
0.7078271926519638
0.7092184371481824
0.7106096815756275
0.7120009259671244
0.713392170463343
0.7147834148907881
0.716174659282285
0.7175659037785036
0.7189571482059487
0.7203483925974455
0.7217396370936642
0.7231308815211093
0.7245221259126061
0.7259129621128493
0.7273037983951456
0.7286946348109146
0.7300854711649625
0.7314763075190104
0.7328671438730583
0.7342579802271062
0.7356488165811541
0.737039652935202
0.7384304892892499
0.7398213256432978
0.7412121619973457
0.7426029983513937
0.7439938347054416
0.7453846710594895
0.7467757567890195
0.7481668424341451
0.749557928238587
0.7509490138741836
0.7523400995097801
0.7537311851453766
0.7551222707809732
0.7565133564165697
0.7579044420521662
0.7592955276877628
0.7606866133233593
0.7620776989589558
0.7634687845945524
0.7648598702301489
0.7662509558657454
0.7676449764775806
0.7690389971819714
0.7704330178433432
0.7718270384832114
0.7732210591230797
0.774615079762948
0.7760091004028162
0.7774031210426845
0.7787971416825528
0.780191162322421
0.7815851829622893
0.7829792036021576
0.7843732242420258
0.7857672448818941
0.7871612655217624
0.7885556952881142
0.789950125037751
0.791344554714714
0.7927389844518477
0.7941334141889813
0.795527843926115
0.7969222736632486
0.7983167034003823
0.799711133137516
0.8011055628746496
0.8024999926117833
0.803894422348917
0.8052888520860506
0.8066832818231843
0.8080777115603179
0.8094663413069624
0.8108549711638076
0.8122436010376964
0.8136322309712164
0.8150208609047364
0.8164094908382563
0.8177981207717763
0.8191867507052962
0.8205753806388162
0.8219640105723361
0.8233526405058561
0.8247412704393761
0.826129900372896
0.827518530306416
0.8289071602399359
0.8302996415352732
0.8316921227391072
0.8330846037591462
0.8344770848274176
0.835869565895689
0.8372620469639603
0.8386545280322317
0.8400470091005031
0.8414394901687745
0.8428319712370459
0.8442244523053173
0.8456169333735887
0.8470094144418601
0.8484018955101315
0.8497943765784028
0.8511855232732238
0.8525766697839263
0.8539678164168664
0.8553589630498064
0.8567501096827465
0.8581412563156865
0.8595324029486265
0.8609235495815666
0.8623146962145066
0.8637058428474467
0.8650969894803867
0.8664881361133268
0.8678792827462668
0.8692704293792068
0.8706615760121469
0.8720513749722922
0.8734411743537368
0.8748309737646844
0.876220773122379
0.8776105724800736
0.8790003718377681
0.8803901711954627
0.8817799705531573
0.8831697699108518
0.8845595692685464
0.885949368626241
0.8873391679839355
0.8887289673416301
0.8901187666993247
0.8915085660570192
0.8928970556084254
0.8942855453523975
0.8956740349489015
0.8970625246595224
0.8984510143547366
0.8998395040499508
0.901227993745165
0.9026164834403793
0.9040049731355935
0.9053934628308077
0.9067819525260219
0.9081704422212361
0.9095589319164503
0.9109474216116645
0.9352473456128579
0.9586041441745201
0.9819609427551613
1.0053177413774972
1.0286745399998332
1.0520313386221691
1.075388137244505
1.098744935866841
1.122101734489177
1.145458533111513
1.168815331733849
1.192172130356185
1.215528928978521
1.238885727600857
1.2622425262231929
1.2855993248455289
1.310549989649511
1.335500654523494
1.3604513192358967
1.3854019839482994
1.410352648660702
1.4353033133731048
1.4602539780855075
1.4852046427979102
1.510155307510313
1.5351059722227156
1.5600566369351183
1.585007301647521
1.6099579663599237
1.6349086310723264
1.6598592957847291
1.681690094937409
1.703520894289545
1.7253516934638724
1.7471824927747395
1.7690132920856065
1.7908440913964736
1.8126748907073407
1.8345056900182077
1.8563364893290748
1.8781672886399419
1.899998087950809
1.921828887261676
1.943659686572543
1.9654904858834101
1.9873212851942772
2.0090615494132855
2.0308018134883055
2.0525420776746808
2.0742823418130976
2.096022605999473
2.1177628701378897
2.139503134324265
2.1612433984626818
2.182983662649057
2.204723926787474
2.226464190973849
2.248204455112266
2.2699447192986413
2.291684983437058
2.3134252476234334
2.3380247257500586
2.3626242038025396
2.3872236818907573
2.411823159978975
2.4364226380671927
2.4610221161554104
2.485621594243628
2.510221072331846
2.5348205504200636
2.5594200285082813
2.584019506596499
2.6086189846847168
2.6332184627729345
2.657817940861152
2.68241741894937
2.706548658249828
2.730679897678405
2.7548111369268535
2.7789423764971053
2.803073615745554
2.827204855315806
2.8513360945642545
2.8754673341345063
2.899598573382955
2.9237298129532068
2.9478610522016555
2.9719922917719073
2.996123531020356
3.0202547705906078
3.0443860098390565
3.068073274791614
3.091760539809961
3.115447804701069
3.139135069592177
3.162822334483285
3.186509599374393
3.2101968642655008
3.2338841291566087
3.2575713940477167
3.2812586589388246
3.3049459238299326
3.3286331887210405
3.3523204536121485
3.3760077185032564
3.3996949833943644
3.4235652560665484
3.44743552870489
3.471305801373875
3.4951760739291586
3.5190463464226944
3.542916619030085
3.5667868915853687
3.5906571640789045
3.614527436686295
3.6383977092415787
3.6622679817351145
3.686138254342505
3.7100085268977887
3.7338787993913245
3.757749071998715
3.7820770449226218
3.806405017931016
3.83073299092703
3.855060963923044
3.879388936919058
3.903716909915072
3.928044882911086
3.9523728559071
3.976700828903114
4.001028801899127
4.025356774895141
4.049684747891155
4.074012720887169
4.098340693883183
4.122668666879197
4.147066530291477
4.171464393747598
4.195862257331252
4.220260120834096
4.244657984362884
4.269055847946538
4.293453711449382
4.317851574978169
4.342249438561823
4.366647302064667
4.391045165593455
4.4154430291771085
4.439840892679952
4.46423875620874
4.488636619792394
4.512717676518764
4.5367987332583235
4.5608797900376565
4.58496084681699
4.609041903596323
4.633122960375656
4.657204017154989
4.681285073934322
4.705366130713655
4.729447187492988
4.753528244272321
4.777609301051654
4.801690357830987
4.82577141461032
4.849852471389653
4.875414581410818
4.900976691374457
4.92653880139539
4.952100911516588
4.977663021537521
5.003225131658719
5.028787241679652
5.05434935180085
5.079911461821783
5.105473571942981
5.131035681963914
5.156597792085112
5.1821599021060445
5.207722012227243
5.233284122248175
5.258157542325939
5.2830309624081435
5.307904382540531
5.332777802684035
5.357651222827538
5.382524642971042
5.407398063114545
5.432271483258049
5.457144903401552
5.482018323545056
5.506891743688559
5.531765163832063
5.556638583975566
5.58151200411907
5.606385424262573
5.630858373678739
5.655331323160721
5.679804272793134
5.704277222425547
5.72875017205796
5.753223121690373
5.777696071322786
5.802169020955199
5.826641970587612
5.8511149202200246
5.8755878698524375
5.9000608194848505
5.9245337691172635
5.9490067187496765
5.973479668382089
5.998671693713314
6.023863719013616
6.0490557443831685
6.074247769752721
6.099439795122273
6.1246318204918255
6.149823845861378
6.17501587123093
6.2002078966004825
6.225399921970035
6.250591947339587
6.27578397270914
6.300975998078692
6.326168023448244
6.351360048817797
6.375042752064091
6.398725455259473
6.422408158605123
6.446090861950773
6.469773565296423
6.493456268642073
6.517138971987723
6.540821675333373
6.564504378679024
6.588187082024674
6.611869785370324
6.635552488715974
6.659235192061624
6.682917895407274
6.7066005987529245
6.7309208291562035
6.755241059443691
6.779561289783835
6.80388152012398
6.828201750464125
6.852521980804269
6.876842211144414
6.9011624414845585
6.925482671824703
6.949802902164848
6.974123132504992
6.998443362845137
7.022763593185282
7.047083823525426
7.071404053865571
7.0957435519446035
7.120083049876071
7.144422547966291
7.168762045950414
7.193101543934538
7.217441041918661
7.241780539902785
7.266120037886909
7.290459535871032
7.314799033855156
7.3391385318392794
7.363478029823403
7.387817527807527
7.41215702579165
7.436496523775774
7.460979541128902
7.485462558587885
7.509945576086192
7.534428593584499
7.558911611082806
7.583394628581113
7.6078776460794195
7.632360663577726
7.656843681076033
7.68132669857434
7.705809716072647
7.730292733570954
7.7547757510692605
7.779258768567567
7.803741786065874
7.828044272948977
7.852346759734822
7.8766492465206674
7.9009517333065125
7.9252542200923575
7.9495567068782025
7.9738591936640475
7.9981616804498925
8.022464167235738
8.046766654021582
8.071069140807426
8.09537162759327
8.119674114379114
8.143976601164958
8.168279087950802
8.191568559631031
8.214858031322924
8.238147502986836
8.261436974690175
8.284726446354087
8.308015918057427
8.331305389721338
8.354594861424678
8.37788433308859
8.401173804791929
8.42446327645584
8.44775274815918
8.471042219823092
8.494331691526432
8.517621163190343
8.539296521258933
8.560971879278252
8.582647237092223
8.604322595100575
8.625997952914545
8.647673310922897
8.669348668736868
8.69102402674522
8.71269938455919
8.734374742567542
8.756050100381513
8.777725458389865
8.799400816203836
8.821076174212187
8.842751532026158
8.844136839167675
8.845522146672044
8.846907454119442
8.848292761495772
8.849678068872102
8.851063376248431
8.852448683624761
8.85383399100109
8.85521929837742
8.85660460575375
8.85798991313008
8.85937522050641
8.86076052788274
8.862145835259069
8.863531142635399
8.864917092910002
8.866303043035163
8.867688992887036
8.86907494294861
8.870460893010183
8.871846843071756
8.87323279313333
8.874618743194903
8.876004693256476
8.87739064331805
8.878776593379623
8.880162543441196
8.88154849350277
8.882934443564343
8.884320393625917
8.885704313446658
8.887088233331983
8.888472153049149
8.889856072689486
8.891239992329824
8.892623911970162
8.8940078316105
8.895391751250838
8.896775670891175
8.898159590531513
8.899543510171851
8.900927429812189
8.902311349452527
8.903695269092864
8.905079188733202
8.906462042672743
8.907844896705962
8.909227750618157
8.910610604622365
8.911993458626572
8.91337631263078
8.914759166634987
8.916142020639194
8.917524874643401
8.918907728647609
8.920290582651816
8.921673436656024
8.92305629066023
8.924439144664438
8.925812718315681
8.927186850386999
8.928560982323988
8.929935114049357
8.931309245895351
8.932683377741345
8.934057509587339
8.935431641433333
8.936805773279326
8.93817990512532
8.939554036971314
8.940928168817308
8.942302300663302
8.943676432509296
8.94505056435529
8.946424696201284
8.947797901844224
8.949171107507828
8.95054431330811
8.951917519142443
8.953290724976775
8.954663930811106
8.956037136645438
8.95741034247977
8.958783548314102
8.960156754148434
8.961529959982766
8.962903165817098
8.96427637165143
8.965649577485761
8.967022783320093
8.968397824943743
8.969772866203515
8.971147907754306
8.972522949178884
8.973897990603463
8.975273032028042
8.97664807345262
8.9780231148772
8.979398156301778
8.980773197726357
8.982148239150936
8.983523280575515
8.984898322000094
8.986273363424672
8.987648404849251
8.989015025747648
8.990381646591032
8.991748267342803
8.99311488852951
8.994481509648251
8.995848130670739
8.997214751857445
8.998581372976187
8.999947993998674
9.00131461518538
9.002681236304122
9.00404785732661
9.005414478513316
9.006781099632057
9.008147720654545
9.00951609929183
9.01088447803072
9.01225285678168
9.0136212355291
9.014989614276521
9.016357993023941
9.017726371771362
9.019094750518782
9.020463129266203
9.021831508013623
9.023199886761043
9.024568265508464
9.025936644255884
9.027305023003304
9.028673401750725
9.030034403412989
9.031395405099609
9.032756406821042
9.034117408542475
9.035478410263908
9.03683941198534
9.038200413706774
9.039561415428206
9.04092241714964
9.042283418871072
9.043644420592505
9.045005422313938
9.046366424035371
9.047727425756804
9.049088427478237
9.050452926153577
9.05181742466076
9.053181923369378
9.054546422077996
9.055910920786614
9.057275419495232
9.05863991820385
9.060004416912468
9.061368915621086
9.062733414329704
9.064097913038323
9.06546241174694
9.066826910455559
9.068191409164177
9.069555907872795
9.070920329618865
9.072284751450407
9.073649173254793
9.075013595081689
9.076378016908585
9.07774243873548
9.079106860562376
9.080471282389272
9.081835704216168
9.083200126043064
9.08456454786996
9.085928969696855
9.087293391523751
9.088657813350647
9.090022235177543
9.091381905380741
9.09274157571717
9.094101246073546
9.095460916429921
9.096820586786297
9.098180257142673
9.099539927499048
9.100899597855424
9.1022592682118
9.103618938568175
9.10497860892455
9.106338279280926
9.107697949637302
9.109057619993678
9.110417290350053
9.111777416653345
9.113137542946408
9.114497669142382
9.115857795338357
9.117217921534332
9.118578047730306
9.11993817392628
9.121298300122255
9.12265842631823
9.124018552514205
9.12537867871018
9.126738804906154
9.128098931102128
9.129459057298103
9.130819183494078
9.132179571466443
9.133539959423267
9.134900347419736
9.136260735416204
9.137621123412673
9.138981511409142
9.14034189940561
9.14170228740208
9.143062675398548
9.144423063395017
9.145783451391486
9.147143839387955
9.148504227384423
9.149864615380892
9.15122500337736
9.152586601838282
9.153948200343198
9.155309798745566
9.156671397230209
9.158032995760294
9.159394594350402
9.160756192761506
9.162117791131797
9.163479389725895
9.16484098825598
9.166202586846088
9.167564185257191
9.168925783627483
9.17028738222158
9.171648980751666
9.173011026883987
9.174373072760202
9.175735118603145
9.177097164481468
9.178459210359792
9.179821256238116
9.18118330211644
9.182545347994763
9.183907393873087
9.18526943975141
9.186631485629734
9.187993531508058
9.189355577386381
9.190717623264705
9.192079669143029
9.193441319856463
9.19480297056351
9.196164621274015
9.197526271877559
9.198887922509734
9.200249573220239
9.201611223823782
9.202972874455957
9.204334525166463
9.205696175770006
9.207057826402181
9.208419477112686
9.20978112771623
9.211142778348405
9.21250442905891
9.213865484089348
9.215226539228839
9.21658759433931
9.217948649432701
9.219309704526092
9.220670759619482
9.222031814712873
9.223392869806263
9.224753924899654
9.226114979993044
9.227476035086434
9.228837090179825
9.230198145273215
9.231559200366606
9.232920255459996
9.234286854368925
9.235653453203346
9.237020051988193
9.23838665077304
9.239753249557886
9.241119848342732
9.242486447127579
9.243853045912426
9.245219644697272
9.246586243482119
9.247952842266965
9.249319441051812
9.250686039836658
9.252052638621505
9.253419237406352
9.254781127212794
9.256143016932665
9.257504906787986
9.258866796643307
9.260228686498628
9.26159057635395
9.26295246620927
9.264314356064592
9.265676245919913
9.267038135775234
9.268400025630555
9.269761915485876
9.271123805341198
9.272485695196519
9.27384758505184
9.275207286796935
9.27656698852476
9.27792669006311
9.279286391676198
9.280646093289286
9.282005794902375
9.283365496515463
9.284725198128552
9.28608489974164
9.287444601354728
9.288804302967817
9.290164004580905
9.291523706193994
9.292883407807082
9.29424310942017
9.295609458096726
9.296975806734112
9.298342155481189
9.299708504228265
9.301074852975342
9.302441201722418
9.303807550469495
9.305173899216571
9.306540247963648
9.307906596710724
9.309272945457801
9.310639294204877
9.312005642951954
9.31337199169903
9.314738340446107
9.31610057707313
9.317462814123115
9.318825050880173
9.320187287762556
9.321549524644938
9.32291176152732
9.324273998409703
9.325636235292086
9.326998472174468
9.32836070905685
9.329722945939233
9.331085182821615
9.332447419703998
9.33380965658638
9.335171893468763
9.33653696128105
9.337902029007484
9.33926709667325
9.340632164339016
9.341997232004783
9.343362299670549
9.344727367336315
9.346092435002081
9.347457502667847
9.348822570333613
9.35018763799938
9.351552705665146
9.352917773330912
9.354282840996678
9.355647908662444
9.357009828745303
9.358371748898795
9.359733669025934
9.361095589153072
9.36245750928021
9.363819429407348
9.365181349534486
9.366543269661625
9.367905189788763
9.369267109915901
9.37062903004304
9.371990950170177
9.373352870297316
9.374714790424454
9.376076710551592
9.377437941201004
9.37879917189607
9.380160402651672
9.381521633407274
9.382882864162877
9.384244094918479
9.385605325674081
9.386966556429684
9.388327787185286
9.389689017940889
9.39105024869649
9.392411479452093
9.393772710207696
9.395133940963298
9.3964951717189
9.397859153699883
9.399223135584114
9.400587117543374
9.401951099646789
9.403315081750204
9.404679063853619
9.406043045957034
9.40740702806045
9.408771010163864
9.41013499226728
9.411498974370694
9.41286295647411
9.414226938577524
9.41559092068094
9.416954902784354
9.418320770084831
9.41968663725467
9.421052504493376
9.422418371732082
9.423784238970788
9.425150106209493
9.426515973448199
9.427881840686904
9.42924770792561
9.430613575164315
9.431979442403021
9.433345309641727
9.434711176880432
9.436077044119138
9.437442911357843
9.438807976713532
9.440173042162593
9.441538107552137
9.442903172863799
9.44426823817546
9.445633303487122
9.446998368798784
9.448363434110446
9.449728499422108
9.45109356473377
9.452458630045431
9.453823695357093
9.455188760668754
9.456553825980416
9.457918891292078
