0.001377792547269662
0.0027555851900161864
0.001377792547269662
0.0027555851900161864
0.004133377981665249
0.005511170935323563
0.006888963682956321
0.00826675644802101
0.009644549401679322
0.011022342149312081
0.012400134914376769
0.013777927868035082
0.01515572061566784
0.01653351338073253
0.017911306334390843
0.0192890990820236
0.020666891847088288
0.02204544339738796
0.023423994897890463
0.02480254654572804
0.02618109827741257
0.027559650009097096
0.028938201740781624
0.03031675347246615
0.03169530520415068
0.033073856935835214
0.034452408667519745
0.035830960399204276
0.03720951213088881
0.03858806386257334
0.03996661559425787
0.0413451673259424
0.042725661694598266
0.04410615608381815
0.045486650381533225
0.04686714444471882
0.048247638699694784
0.049628133021061685
0.05100862708424728
0.052389121339223244
0.053769615660590145
0.055150109723775737
0.0565306039787517
0.057911098300118605
0.059291592363304196
0.06067208661828016
0.062052580939647065
0.06343379296791803
0.0648150048637888
0.06619621684879853
0.0675774290873279
0.06895864132585727
0.07033985356438664
0.07172106580291601
0.07310227804144538
0.07448349027997475
0.07586470251850412
0.07724591475703349
0.07862712699556286
0.08000833923409223
0.0813895514726216
0.08277076371115097
0.08415468409929104
0.0855386043048751
0.08692252456607256
0.08830644469816055
0.08969036483024855
0.09107428496233654
0.09245820509442453
0.09384212522651252
0.0952260453586005
0.0966099654906885
0.09799388562277649
0.09937780575486448
0.10076172588695247
0.10214564601904046
0.10352956615112845
0.10491316930056406
0.10629677284728722
0.10768037620541047
0.10906397956353373
0.11044758292165698
0.11183118627978023
0.11321478963790348
0.11459839299602673
0.11598199635414998
0.11736559971227323
0.11874920307039648
0.12013280642851973
0.12151640978664298
0.12290001314476623
0.12428361650288948
0.1256652638002349
0.12704691122930978
0.12842855868507796
0.12981020606981844
0.13119185345455892
0.1325735008392994
0.13395514822403987
0.13533679560878034
0.13671844299352082
0.1381000903782613
0.13948173776300177
0.14086338514774224
0.14224503253248272
0.1436266799172232
0.14500832730196367
0.14639179870127947
0.14777526996711837
0.14915874125137743
0.1505422125059716
0.15192568376056578
0.15330915501515996
0.15469262626975414
0.1560760975243483
0.1574595687789425
0.15884304003353666
0.16022651128813084
0.16160998254272502
0.1629934537973192
0.16437692505191337
0.16576039630650755
0.16714189539990912
0.1685233943710584
0.1699048934390297
0.17128639255897865
0.1726678916789276
0.17404939079887655
0.1754308899188255
0.17681238903877444
0.1781938881587234
0.17957538727867234
0.18095688639862129
0.18233838551857023
0.18371988463851918
0.18510138375846813
0.18648288287841708
0.18786565008844255
0.18924841718132937
0.1906311843379741
0.19201395149461883
0.19339671865126357
0.1947794858079083
0.19616225296455303
0.19754502012119776
0.1989277872778425
0.20031055443448723
0.20169332159113196
0.2030760887477767
0.20445885590442142
0.20584162306106615
0.20722439021771089
0.20860501870852471
0.20998564725662378
0.2113662757320392
0.21274690419519698
0.21412753265835477
0.21550816112151255
0.21688878958467034
0.21826941804782812
0.2196500465109859
0.2210306749741437
0.22241130343730148
0.22379193190045926
0.22517256036361705
0.22655318882677483
0.22793381728993262
0.22931703196769368
0.23070024644408943
0.2320834611001012
0.2334666756785913
0.23484989025708142
0.23623310483557153
0.23761631941406164
0.23899953399255175
0.24038274857104186
0.24176596314953197
0.24314917772802208
0.2445323923065122
0.2459156068850023
0.2472988214634924
0.24868203604198252
0.2500630481318448
0.2514440602829454
0.25282507227523143
0.254206084458316
0.25558709664140056
0.2569681088244851
0.2583491210075697
0.25973013319065424
0.2611111453737388
0.26249215755682337
0.26387316973990793
0.2652541819229925
0.26663519410607706
0.2680162062891616
0.2693972184722462
0.2707807637609669
0.27216430895167415
0.27354785388087294
0.2749313987995158
0.2763149437181586
0.27769848863680147
0.2790820335554443
0.28046557847408715
0.28184912339273
0.28323266831137284
0.2846162132300157
0.2859997581486585
0.28738330306730137
0.2887668479859442
0.29015039290458705
0.2915360235251238
0.29292165404420645
0.2943072847269123
0.2956929154258329
0.29707854612475354
0.29846417682367415
0.29984980752259477
0.3012354382215154
0.302621068920436
0.3040066996193566
0.3053923303182772
0.30677796101719784
0.30816359171611846
0.30954922241503907
0.3109348531139597
0.3123189444693274
0.31370303604681027
0.3150871276045336
0.31647121916225696
0.3178553107199803
0.31923940227770364
0.320623493835427
0.32200758539315033
0.3233916769508737
0.324775768508597
0.32615986006632036
0.3275439516240437
0.32892804318176705
0.3303121347394904
0.33169622629721374
0.3330821217114056
0.33446801662648307
0.3358539116448618
0.3372398068109875
0.33862570197711317
0.34001159714323886
0.34139749230936456
0.34278338747549025
0.34416928264161595
0.34555517780774164
0.34694107297386734
0.34832696813999303
0.3497128633061187
0.3510987584722444
0.3524846536383701
0.35387017592907777
0.3552556983861687
0.3566412210739363
0.35802674362530346
0.3594122661766706
0.36079778872803775
0.3621833112794049
0.36356883383077204
0.3649543563821392
0.36633987893350634
0.3677254014848735
0.36911092403624063
0.3704964465876078
0.3718819691389749
0.37326749169034207
0.37465350877132264
0.37603952551372266
0.37742554232341613
0.37881155919867904
0.38019757607394195
0.38158359294920485
0.38296960982446776
0.38435562669973067
0.3857416435749936
0.3871276604502565
0.3885136773255194
0.3898996942007823
0.3912857110760452
0.3926717279513081
0.394057744826571
0.39544268739746835
0.39682763019748185
0.3982125729748375
0.39959751567518836
0.40098245837553925
0.40236740107589014
0.40375234377624103
0.4051372864765919
0.4065222291769428
0.4079071718772937
0.4092921145776446
0.41067705727799547
0.41206199997834636
0.41344694267869725
0.41483188537904814
0.4162182864304198
0.4176046872213955
0.41899108799834306
0.42037748877529063
0.4217638895522382
0.4231502903291858
0.42453669110613335
0.4259230918830809
0.4273094926600285
0.42869589343697606
0.43008229421392363
0.4314686949908712
0.4328550957678188
0.43424149654476635
0.4356278973217139
0.43701503016571974
0.4384021630129154
0.4397892959467984
0.4411764289566707
0.442563561966543
0.4439506949764153
0.4453378279862876
0.44672496099615994
0.44811209400603225
0.44949922701590456
0.45088636002577687
0.4522734930356492
0.4536606260455215
0.4550477590553938
0.4564348920652661
0.4578211096538959
0.45920732719984786
0.460593544956445
0.4619797623844178
0.4633659798123906
0.4647521972403634
0.46613841466833617
0.46752463209630896
0.46891084952428175
0.47029706695225454
0.47168328438022733
0.4730695018082001
0.4744557192361729
0.4758419366641457
0.4772281540921185
0.4786116684226129
0.47999518297844845
0.4813786974234779
0.4827622119004947
0.48414572637751146
0.48552924085452825
0.48691275533154504
0.48829626980856183
0.4896797842855786
0.4910632987625954
0.4924468132396122
0.493830327716629
0.4952138421936458
0.49659735667066257
0.49798087114767936
0.4993666546192357
0.5007524380152648
0.5021382212961135
0.5035240045918637
0.504909787887614
0.5062955711833642
0.5076813544791144
0.5090671377748647
0.5104529210706149
0.5118387043663651
0.5132244876621154
0.5146102709578656
0.5159960542536158
0.5173818375493661
0.5187676208451163
0.5201568123491833
0.5215460034850751
0.5229351948223022
0.524324386240512
0.5257135776587218
0.5271027690769317
0.5284919604951415
0.5298811519133513
0.5312703433315611
0.5326595347497709
0.5340487261679807
0.5354379175861905
0.5368271090044003
0.5382163004226101
0.53960549184082
0.5410030979778345
0.5424007039804759
0.5437983101733698
0.5451959162582685
0.5465935223431672
0.5479911284280659
0.5493887345129645
0.5507863405978632
0.5521839466827619
0.5535815527676606
0.5549791588525593
0.556376764937458
0.5577743710223567
0.5591719771072554
0.5605695831921541
0.5619645799628145
0.5633595767159683
0.5647545734850448
0.5661495701926875
0.5675445669003303
0.568939563607973
0.5703345603156158
0.5717295570232586
0.5731245537309013
0.5745195504385441
0.5759145471461868
0.5773095438538296
0.5787045405614724
0.5800995372691151
0.5814945339767579
0.582888499660539
0.5842824655299615
0.5856764313430495
0.5870703970935156
0.5884643628339702
0.5898583286470581
0.5912522943975242
0.5926462601379788
0.5940402259510668
0.5954341917015329
0.5968281574419875
0.5982221232550754
0.5996160890055415
0.6010100547459961
0.602404020559084
0.6038006776059254
0.6051973346292472
0.6065939916744937
0.6079906484887426
0.6093873053029916
0.6107839621172405
0.6121806189314895
0.6135772757457384
0.6149739325599873
0.6163705893742363
0.6177672461884852
0.6191639030027342
0.6205605598169831
0.621957216631232
0.623353873445481
0.6247504712378541
0.6261470691745378
0.6275436670339773
0.6289402648934169
0.6303368627528565
0.6317334606122961
0.6331300584717356
0.6345266563311752
0.6359232541906148
0.6373198520500544
0.6387164499094939
0.6401130477689335
0.6415096456283731
0.6429062434878127
0.6443028413472522
0.6456985159692954
0.6470941905812448
0.6484898652657352
0.6498855399502255
0.6512812146347158
0.6526768893192061
0.6540725640036964
0.6554682386881867
0.656863913372677
0.6582595880571673
0.6596552627416576
0.661050937426148
0.6624466121106383
0.6638422867951286
0.6652379614796189
0.6666341647248859
0.6680303678565559
0.6694265709514245
0.6708227740356241
0.6722189771198236
0.6736151802040231
0.6750113832882226
0.6764075863724222
0.6778037894566217
0.6791999925408212
0.6805961956250207
0.6819923987092202
0.6833886017934198
0.6847848048776193
0.6861810079618188
0.6875782592639973
0.6889755104773974
0.6903727616037671
0.6917700127516804
0.6931672638995936
0.6945645150475068
0.69596176619542
0.6973590173433333
0.6987562684912465
0.7001535196391597
0.701550770787073
0.7029480219349862
0.7043452730828994
0.7057425242308126
0.7071397753787259
0.7085356063031845
0.7099314374593118
0.7113272687688209
0.7127231001807387
0.7141189314385351
0.7155147627682503
0.7169105941801681
0.7183064254379645
0.7197022567676797
0.7210980881795975
0.7224939194373939
0.7238897507671092
0.7252855821790269
0.7266814134368234
0.7280772447665386
0.7294727238430149
0.7308682031755244
0.73226368250299
0.7336591619284578
0.7350546413539256
0.7364501207793934
0.7378456002048612
0.739241079630329
0.7406365590557968
0.7420320384812646
0.7434275179067324
0.7448229973322003
0.7462184767576681
0.7476139561831359
0.7490094356086037
0.7504051299500765
0.7518008242800529
0.7531965187201715
0.7545922129682121
0.7559879072162528
0.7573836014642934
0.758779295712334
0.7601749899603747
0.7615706842084153
0.762966378456456
0.7643620727044966
0.7657577669525373
0.7671534612005779
0.7685491554486186
0.7699448496966592
0.771343075466584
0.7727413012609742
0.7741395268682216
0.7755377524602026
0.7769359780521836
0.7783342036441646
0.7797324292361456
0.7811306548281266
0.7825288804201076
0.7839271060120886
0.7853253316040696
0.7867235571960506
0.7881217827880316
0.7895200083800126
0.7909182339719936
0.7923168123217709
0.7937153906929396
0.7951139689954023
0.7965125474394555
0.7979111258835088
0.799309704327562
0.8007082827716152
0.8021068612156684
0.8035054396597217
0.8049040181037749
0.8063025965478281
0.8077011749918813
0.8090997534359345
0.8104983318799878
0.811896910324041
0.8132904856650545
0.8146840612572888
0.8160776367278285
0.8174712121948646
0.8188647876619007
0.8202583631289369
0.821651938595973
0.8230455140630091
0.8244390895300452
0.8258326649970813
0.8272262404641174
0.8286198159311535
0.8300133913981896
0.8314069668652257
0.8328005423322619
0.8341974404103507
0.8355943381604809
0.8369912362175165
0.838388133987966
0.8397850317584155
0.841181929528865
0.8425788272993144
0.8439757250697639
0.8453726228402134
0.8467695206106629
0.8481664183811124
0.8495633161515619
0.8509602139220114
0.8523571116924609
0.8537540094629104
0.8551497564004349
0.8565455033503385
0.857941250240932
0.8593369971315256
0.8607327440221191
0.8621284909127126
0.8635242378033061
0.8649199846938996
0.8663157315844932
0.8677114784750867
0.8691072253656802
0.8705029722562737
0.8718987191468672
0.8732944660374607
0.8746902129280543
0.8760847974626734
0.8774793818290645
0.8788739663316739
0.8802685508730754
0.8816631354144769
0.8830577199558785
0.88445230449728
0.8858468890386815
0.887241473580083
0.8886360581214845
0.890030642662886
0.8914252272042875
0.892819811745689
0.8942143962870905
0.895608980828492
0.8970024352296583
0.8983958898856388
0.8997893444618962
0.9011827990733572
0.9025762536794265
0.9039697082854958
0.9053631628915652
0.9067566174976345
0.9081500721037038
0.9095435267097731
0.9109369813158424
0.9123304359219118
0.9137238905279811
0.9151173451340504
0.9642144586739206
1.0119615342698256
1.05970860982157
1.1074556853733144
1.1552027609250588
1.2029498364768032
1.2506969120285476
1.298443987580292
1.3461910631320364
1.3939381386837808
1.4416852142355252
1.4894322897872696
1.537179365339014
1.5849264408907584
1.6326735164425028
1.6804205919942472
1.73025641050881
1.7800922293303632
1.8299280480946614
1.8797638668589596
1.9295996856232578
1.979435504387556
2.029271323151854
2.079107141916152
2.12894296068045
2.178778779444748
2.228614598209046
2.278450416973344
2.328286235737642
2.37812205450194
2.427957873266238
2.4745932571964335
2.521228641068213
2.567864024902269
2.6144994087510365
2.661134792599804
2.7077701764485718
2.7544055602973394
2.801040944146107
2.8476763279948747
2.8943117118436423
2.94094709569241
2.9875824795411776
3.0342178633899453
3.080853247238713
3.1274886310874805
3.1740152806486717
3.2205419300844897
3.267068579520814
3.3135952289397728
3.360121878376097
3.406648527795056
3.45317517723138
3.499701826650339
3.546228476086663
3.592755125505622
3.639281774941946
3.685808424360905
3.732335073797229
3.778861723216188
3.825388372652512
3.874833904823252
3.9242794369437792
3.9737249689573195
4.02317050097086
4.0726160329844
4.12206156499794
4.171507097011481
4.220952629025021
4.270398161038561
4.319843693052102
4.369289225065642
4.418734757079182
4.4681802890927225
4.517625821106263
4.567071353119803
4.615773901594461
4.664476450224866
4.713178998903254
4.761881547453159
4.810584096131548
4.859286644681452
4.907989193359841
4.956691741909745
5.005394290588134
5.0540968391380385
5.102799387816427
5.151501936366332
5.20020448504472
5.248907033594625
5.297609582273013
5.345762066040216
5.393914549795735
5.442067033477214
5.4902195171586925
5.538372000840171
5.58652448452165
5.634676968203129
5.682829451884608
5.730981935566087
5.7791344192475655
5.827286902929044
5.875439386610523
5.923591870292002
5.971744353973481
6.01989683765496
6.068283736816506
6.116670636193047
6.165057535426527
6.213444434864687
6.261831334304694
6.310218233770888
6.358605133209048
6.406992032649055
6.455378932115249
6.503765831553409
6.5521527309934156
6.600539630459609
6.6489265298977696
6.697313429337776
6.74570032880397
6.794741813102413
6.843783297568083
6.8928247819213615
6.94186626627464
6.990907750627918
7.039949234981196
7.0889907193344746
7.138032203687753
7.187073688041031
7.236115172394309
7.285156656747588
7.334198141100866
7.383239625454144
7.432281109807422
7.481322594160701
7.530444293137622
7.579565992093525
7.628687690950377
7.6778093898320945
7.726931088604117
7.776052787460969
7.825174486342687
7.8742961851147095
7.923417883971561
7.972539582853279
8.0216612816253
8.070782980482152
8.119904679363868
8.169026378135891
8.218148076992742
8.266791753708052
8.315435430278733
8.364079107022834
8.412722783766934
8.461366460511035
8.510010137255136
8.558653813999237
8.607297490743338
8.65594116748744
8.70458484423154
8.753228520975641
8.801872197719742
8.850515874463843
8.899159551207944
8.947803227952045
8.998700746157331
9.049598264557883
9.100495782758522
9.15139330122364
9.20229081942428
9.253188337889398
9.304085856090037
9.354983374555156
9.405880892755794
9.456778411220913
9.507675929421552
9.55857344788667
9.60947096608731
9.660368484552428
9.711266002753067
9.761013844860312
9.810761687018271
9.860509529135415
9.910257371173952
9.960005213212488
10.009753055251025
10.059500897289562
10.109248739328098
10.158996581366635
10.208744423405172
10.258492265443708
10.308240107482245
10.357987949520782
10.407735791559318
10.457483633597855
10.50678573785628
10.556087842024308
10.605389946291673
10.654692050559039
10.703994154826404
10.75329625909377
10.802598363361135
10.8519004676285
10.901202571895865
10.95050467616323
10.999806780430596
11.049108884697961
11.098410988965327
11.147713093232692
11.197015197500058
11.247123285844165
11.297231374318402
11.347339462755858
11.397447551193315
11.447555639630771
11.497663728068227
11.547771816505684
11.59787990494314
11.647987993380596
11.698096081818052
11.748204170255509
11.798312258692965
11.848420347130421
11.898528435567878
11.948636524005334
11.996783442415168
12.044930360766331
12.09307727910726
12.141224197448187
12.189371115789115
12.237518034130042
12.28566495247097
12.333811870811898
12.381958789152826
12.430105707493754
12.478252625834681
12.526399544175609
12.574546462516537
12.622693380857465
12.670840299198392
12.719872897583473
12.768905495941697
12.817938094375572
12.866970692809447
12.916003291243323
12.965035889677198
13.014068488111073
13.063101086544949
13.112133684978824
13.1611662834127
13.210198881846575
13.25923148028045
13.308264078714325
13.3572966771482
13.406329275582076
13.45538398706091
13.504438698665812
13.553493410244624
13.602548121688832
13.65160283313304
13.700657544577249
13.749712256021457
13.798766967465665
13.847821678909874
13.896876390354082
13.94593110179829
13.994985813242499
14.044040524686707
14.093095236130916
14.142149947575124
14.191463427963381
14.240776908312965
14.290090388608588
14.339403868904212
14.388717349199835
14.438030829495458
14.487344309791082
14.536657790086705
14.585971270382329
14.635284750677952
14.684598230973576
14.733911711269199
14.783225191564823
14.832538671860446
14.88185215215607
14.93095217099386
14.98005218988826
15.02915220878266
15.07825222767706
15.12735224657146
15.17645226546586
15.22555228436026
15.27465230325466
15.32375232214906
15.37285234104346
15.42195235993786
15.47105237883226
15.52015239772666
15.56925241662106
15.61835243551546
15.666016770333796
15.713681105094526
15.761345439756274
15.809009774365986
15.856674109027734
15.904338443637446
15.952002778299194
15.999667112908906
16.047331447570652
16.094995782180362
16.14266011684211
16.19032445145182
16.237988786113565
16.285653120723275
16.33331745538502
16.379769444167874
16.426221432842837
16.47267342154838
16.519125410137573
16.565577398843114
16.612029387432308
16.65848137613785
16.704933364727044
16.751385353432585
16.79783734202178
16.84428933072732
16.890741319316515
16.937193308022056
16.98364529661125
17.030097285316792
17.031487992890778
17.032878700533377
17.034269408259895
17.035660115924323
17.03705082358875
17.038441531253177
17.039832238917604
17.04122294658203
17.04261365424646
17.044004361910886
17.045395069575314
17.04678577723974
17.048176484904168
17.049567192568595
17.050957900233023
17.05234916275327
17.053740425189194
17.055131687444852
17.05652294975844
17.057914212072024
17.05930547438561
17.060696736699196
17.062087999012782
17.063479261326368
17.064870523639954
17.06626178595354
17.067653048267125
17.06904431058071
17.070435572894297
17.071826835207883
17.07321634463718
17.074605853853928
17.075995363384813
17.077384872782783
17.078774382180754
17.080163891578724
17.081553400976695
17.082942910374666
17.084332419772636
17.085721929170607
17.087111438568577
17.088500947966548
17.08989045736452
17.09127996676249
17.09266947616046
17.094058065236204
17.095446654343746
17.096835243349272
17.098223832396044
17.099612421442817
17.10100101048959
17.102389599536362
17.103778188583135
17.105166777629908
17.10655536667668
17.107943955723453
17.109332544770226
17.110721133816998
17.11210972286377
17.113491176926953
17.114873113473237
17.11625505002258
17.117636986607867
17.119018923023113
17.12040085943836
17.121782795853605
17.12316473226885
17.124546668684097
17.125928605099343
17.12731054151459
17.128692477929835
17.13007441434508
17.131456350760327
17.132838287175574
17.13422022359082
17.135601359678184
17.13698249565232
17.138363631800367
17.139744767956156
17.141125904111945
17.142507040267734
17.143888176423523
17.145269312579313
17.1466504487351
17.14803158489089
17.14941272104668
17.15079385720247
17.15217499335826
17.153556129514048
17.154937265669837
17.156319988389406
17.157702711176874
17.15908543390567
17.16046815659318
17.16185087928069
17.163233601968198
17.164616324655707
17.165999047343217
17.167381770030726
17.168764492718235
17.170147215405745
17.171529938093254
17.172912660780764
17.174295383468273
17.175678106155782
17.177053508034135
17.17842891014065
17.1798043122914
17.181179714427557
17.18255511646521
17.183930518509364
17.185305920645522
17.186681322683174
17.18805672472733
17.189432126863487
17.19080752890114
17.192182930945293
17.19355833308145
17.194933735119104
17.196309137163258
17.197686082557055
17.199063027732258
17.20043997293292
17.201816918086124
17.203193863239328
17.204570808392532
17.205947753545736
17.20732469869894
17.208701643852145
17.21007858900535
17.211455534158553
17.212832479311757
17.21420942446496
17.215586369618165
17.21696331477137
17.218333762776457
17.219704210946723
17.221074659171702
17.22244510739668
17.22381555562166
17.225186003846638
17.226556452071616
17.227926900296595
17.229297348521573
17.230667796746552
17.23203824497153
17.23340869319651
17.234779141421487
17.236149589646466
17.237520037871445
17.23889357089968
17.240267103969273
17.241640637304535
17.243014170639796
17.244387703975057
17.24576123731032
17.24713477064558
17.24850830398084
17.249881837316103
17.251255370651364
17.252628903986626
17.254002437321887
17.25537597065715
17.25674950399241
17.25812303732767
17.25949650287051
17.260869968590512
17.262243434211683
17.263616899810344
17.264990365409005
17.266363831007666
17.267737296606327
17.26911076220499
17.27048422780365
17.27185769340231
17.27323115900097
17.274604624599633
17.275978090198294
17.277351555796955
17.278725021395616
17.28009429899759
17.28146357647572
17.28283285408462
17.284202131693522
17.285571409302424
17.286940686911326
17.288309964520227
17.28967924212913
17.29104851973803
17.292417797346932
17.293787074955834
17.295156352564735
17.296525630173637
17.29789490778254
17.29926418539144
17.300633863884965
17.302003542484684
17.30337322099866
17.30474289951264
17.306112578026617
17.307482256540595
17.308851935054573
17.31022161356855
17.31159129208253
17.312960970596507
17.314330649110484
17.315700327624462
17.31707000613844
17.318439684652418
17.319809363166396
17.32117927179459
17.322549180438447
17.323919089042707
17.325288997646968
17.32665890625123
17.32802881485549
17.32939872345975
17.33076863206401
17.33213854066827
17.333508449272532
17.334878357876793
17.336248266481054
17.337618175085314
17.338988083689575
17.340357992293836
17.341728964970265
17.343099937388587
17.344470909857076
17.34584188251569
17.34721285521031
17.348583827639448
17.349954799984012
17.351325772495024
17.352696744949107
17.354067717643726
17.355438690072866
17.35680966241743
17.35818063492844
17.359551607382524
17.360922580077144
17.36229394595312
17.363665311726553
17.365036677541188
17.366408043304425
17.367779409067662
17.3691507748309
17.370522140594137
17.371893506357374
17.37326487212061
17.37463623788385
17.376007603647086
17.377378969410323
17.37875033517356
17.380121700936797
17.381493066700035
17.38286408502541
17.384235103537836
17.385606121850813
17.386977140149327
17.388348158533827
17.389719176846803
17.391090195145317
17.392461213529817
17.393832231842794
17.395203250141307
17.396574268525807
17.397945286838784
17.399316305137297
17.400687323521797
17.402058341834774
17.403428836862165
17.404799331905036
17.40616982705081
17.407540322257837
17.408910817464864
17.41028131267189
17.41165180787892
17.413022303085945
17.414392798292972
17.4157632935
17.417133788707027
17.418504283914054
17.41987477912108
17.421245274328108
17.422615769535135
17.423991152020974
17.425366534523903
17.42674191683545
17.428117299146997
17.429492681458544
17.43086806377009
17.43224344608164
17.433618828393186
17.434994210704733
17.43636959301628
17.437744975327828
17.439120357639375
17.440495739950922
17.44187112226247
17.443246504574017
17.444617733094056
17.445988961478644
17.447360190030317
17.44873141858199
17.45010264713366
17.451473875685334
17.452845104237007
17.45421633278868
17.45558756134035
17.456958789892024
17.458330018443696
17.45970124699537
17.46107247554704
17.462443704098714
17.463814932650386
17.46518423770173
17.46655354275277
17.4679228479421
17.4692921529614
17.470661457980704
17.472030763000006
17.47340006801931
17.47476937303861
17.476138678057914
17.477507983077217
17.47887728809652
17.480246593115822
17.481615898135125
17.482985203154428
17.48435450817373
17.485729670675234
17.48710483282547
17.488479995201537
17.489855157577605
17.491230319953672
17.49260548232974
17.493980644705807
17.495355807081875
17.496730969457943
17.49810613183401
17.499481294210078
17.500856456586146
17.502231618962213
17.50360678133828
17.50498194371435
17.50635347831459
17.507725012893903
17.50909654747662
17.510468081975006
17.51183961647339
17.513211150971777
17.514582685470163
17.51595421996855
17.517325754466935
17.51869728896532
17.520068823463706
17.521440357962092
17.522811892460478
17.524183426958864
17.52555496145725
17.526928996216576
17.52830303092354
17.52967706577307
17.531051100622598
17.532425135472128
17.533799170321657
17.535173205171187
17.536547240020717
17.537921274870246
17.539295309719776
17.540669344569306
17.542043379418836
17.543417414268365
17.544791449117895
17.546165483967425
17.547536739168915
17.548907994277144
17.550279249614977
17.55165050495281
17.553021760290644
17.554393015628477
17.55576427096631
17.557135526304144
17.558506781641977
17.55987803697981
17.561249292317644
17.562620547655477
17.56399180299331
17.565363058331144
17.566734313668977
17.568104963142012
17.56947561269391
17.570846262092278
17.572216911490646
17.573587560889013
17.57495821028738
17.57632885968575
17.577699509084116
17.579070158482484
17.58044080788085
17.58181145727922
17.583182106677587
17.584552756075954
17.585923405474322
17.58729405487269
17.588667132814095
17.59004021088037
17.591413288774547
17.5927863667455
17.594159444716453
17.595532522687407
17.59690560065836
17.598278678629313
17.599651756600267
17.60102483457122
17.602397912542173
17.603770990513127
17.60514406848408
17.606517146455033
17.607890224425987
17.60926496298029
17.610639701546397
17.612014440275566
17.613389179004734
17.614763917733903
17.61613865646307
17.61751339519224
17.61888813392141
17.620262872650578
17.621637611379747
17.623012350108915
17.624387088838084
17.625761827567253
17.62713656629642
17.62851130502559
17.629885337612226
17.63125937016318
17.632633402688345
17.634007435214684
17.635381467741023
17.636755500267363
17.6381295327937
17.63950356532004
17.64087759784638
17.64225163037272
17.64362566289906
17.644999695425398
17.646373727951737
17.647747760478076
17.649121793004415
