0.0013905776281417344
0.0027811554468836416
0.0013905776281417344
0.0027811554468836416
0.004171733384733638
0.005562311247369272
0.006952889114566708
0.008343467052416705
0.00973404491505234
0.011124622782249776
0.012515200720099772
0.013905778582735407
0.015296356449932843
0.01668693438778284
0.018077512250418475
0.01946809011761591
0.020858668055465907
0.022249802588010726
0.02364093702468669
0.025032071557872394
0.026423205832691855
0.027814340107511316
0.029205474382330777
0.030596608657150238
0.0319877429319697
0.03337887720678916
0.034770011481608624
0.036161145756428086
0.03755228003124755
0.03894341430606701
0.04033454858088647
0.04172568285570593
0.04311821462746033
0.044510746675256625
0.04590327863216493
0.047295810723761406
0.048688342488822076
0.05008087453187883
0.051473406623475305
0.052865938388535975
0.05425847043159273
0.055651002523189205
0.057043534288249875
0.05843606633130663
0.059828598422903105
0.061221130187963775
0.06261366223102052
0.06400670965916636
0.06539975729933052
0.06679280472273559
0.0681858521610441
0.06957889959935261
0.07097194703766112
0.07236499447596963
0.07375804191427814
0.07515108935258664
0.07654413679089515
0.07793718422920366
0.07933023166751217
0.08072327910582068
0.08211632654412919
0.0835093739824377
0.08490437340273953
0.08629937284129681
0.08769437219352404
0.08908937153187597
0.09048437087022791
0.09187937020857985
0.09327436954693179
0.09466936888528373
0.09606436822363566
0.0974593675619876
0.09885436690033954
0.10024936623869148
0.10164436557704341
0.10303936491539535
0.10443436425374729
0.10582913514228451
0.1072239061162376
0.10861867713670798
0.11001344819735587
0.11140821925800376
0.11280299031865165
0.11419776137929954
0.11559253243994744
0.11698730350059533
0.11838207456124322
0.11977684562189111
0.12117161668253901
0.1225663877431869
0.12396115880383479
0.12535592986448268
0.1267492909569969
0.12814265226245006
0.12953601351511884
0.1309293747751115
0.13232273603510414
0.1337160972950968
0.13510945855508943
0.13650281981508208
0.13789618107507473
0.13928954233506738
0.14068290359506003
0.14207626485505268
0.14346962611504532
0.14486298737503797
0.14625634863503062
0.14765102444803974
0.14904570028502273
0.15044037613535213
0.1518350520867628
0.15322972803817345
0.1546244039895841
0.15601907994099476
0.15741375589240542
0.15880843184381607
0.16020310779522673
0.16159778374663739
0.16299245969804804
0.1643871356494587
0.16578181160086936
0.16717648755228
0.16856974181342732
0.16996299611296667
0.17135625053538509
0.17274950492037883
0.17414275930537257
0.1755360136903663
0.17692926807536005
0.1783225224603538
0.17971577684534754
0.18110903123034128
0.18250228561533502
0.18389554000032876
0.1852887943853225
0.18668204877031624
0.18807530315531
0.1894694716831253
0.19086364017773902
0.1922578085788007
0.1936519769798624
0.19504614538092407
0.19644031378198576
0.19783448218304744
0.19922865058410913
0.20062281898517081
0.2020169873862325
0.20341115578729418
0.20480532418835587
0.20619949258941755
0.20759366099047924
0.20898782939154092
0.21038045741938846
0.21177308586760468
0.21316571435279116
0.21455834262827442
0.21595097090375767
0.21734359917924093
0.21873622745472418
0.22012885573020743
0.2215214840056907
0.22291411228117394
0.2243067405566572
0.22569936883214045
0.2270919971076237
0.22848462538310696
0.2298772536585902
0.23127174445565984
0.2326662353168499
0.23406072625387164
0.23545521703233957
0.2368497078108075
0.23824419858927542
0.23963868936774335
0.24103318014621128
0.2424276709246792
0.24382216170314713
0.24521665248161506
0.246611143260083
0.24800563403855092
0.24940012481701884
0.25079461559548677
0.2521875190932544
0.2535804227360746
0.25497332618342444
0.25636622963077427
0.2577591330781241
0.2591520365254739
0.26054493997282374
0.26193784342017357
0.2633307468675234
0.2647236503148732
0.26611655376222304
0.26750945720957287
0.2689023606569227
0.2702952641042725
0.27168816755162234
0.2730828967806749
0.2744776257831815
0.2758723548359298
0.27726708377205345
0.2786618127081771
0.2800565416443007
0.28145127058042435
0.282845999516548
0.2842407284526716
0.28563545738879526
0.2870301863249189
0.2884249152610425
0.28981964419716616
0.2912143731332898
0.29260910206941343
0.294005334030128
0.2954015659694876
0.29679779806415013
0.2981940299874882
0.2995902619108262
0.30098649383416426
0.3023827257575023
0.30377895768084034
0.3051751896041784
0.30657142152751643
0.3079676534508545
0.3093638853741925
0.31076011729753056
0.3121563492208686
0.31355258114420664
0.3149477038903866
0.3163428267848887
0.3177379495074417
0.31913307222999476
0.3205281949525478
0.32192331767510085
0.3233184403976539
0.32471356312020694
0.32610868584276
0.327503808565313
0.32889893128786607
0.3302940540104191
0.33168917673297216
0.3330842994555252
0.33447942217807825
0.33587584458072667
0.3372722672758524
0.33866868997097843
0.34006511258788263
0.34146153520478684
0.34285795782169104
0.34425438043859524
0.34565080305549944
0.34704722567240365
0.34844364828930785
0.34984007090621205
0.35123649352311626
0.35263291614002046
0.35402933875692466
0.35542576137382886
0.35682191525436213
0.35821806928499417
0.35961422334566107
0.3610103775074786
0.36240653166929615
0.3638026858311137
0.36519883999293123
0.3665949941547488
0.3679911483165663
0.36938730247838386
0.3707834566402014
0.37217961080201895
0.3735757649638365
0.37497191912565403
0.37636807328747157
0.37776458361839943
0.3791610939419382
0.3805576042433286
0.38195411448508515
0.3833506247268417
0.3847471349685983
0.3861436452103549
0.38754015545211146
0.38893666569386803
0.3903331759356246
0.3917296861773812
0.39312619641913776
0.39452270666089434
0.3959192169026509
0.3973157271444075
0.39871146330786134
0.4001071995798742
0.4015029357442371
0.40289867190860007
0.404294408072963
0.40569014423732597
0.4070858804016889
0.40848161656605186
0.4098773527304148
0.41127308889477776
0.4126688250591407
0.41406456122350366
0.4154602973878666
0.41685603355222955
0.4182517697165925
0.41964855647076044
0.42104534336361366
0.4224421303435493
0.423838917323485
0.42523570430342067
0.42663249128335634
0.428029278263292
0.4294260652432277
0.43082285222316336
0.432219639203099
0.4336164261830347
0.43501321316297037
0.43641000014290604
0.4378067871228417
0.4392035741027774
0.44060088851381335
0.44199820288910513
0.44339551738775856
0.444792831886412
0.44619014638506543
0.44758746088371887
0.4489847753823723
0.45038208988102574
0.4517794043796792
0.4531767188783326
0.45457403337698604
0.4559713478756395
0.4573686623742929
0.45876597687294635
0.4601632913715998
0.46155994630612024
0.4629566012029316
0.4643532561494039
0.46574991096400037
0.4671465657785968
0.46854322059319325
0.4699398754077897
0.47133653022238614
0.4727331850369826
0.474129839851579
0.47552649466617547
0.4769231494807719
0.47831980429536836
0.4797164591099648
0.48111311392456124
0.48250782071037107
0.4839025276126797
0.4852972345280506
0.48669194145838607
0.4880866483887215
0.48948135531905695
0.4908760622493924
0.49227076917972784
0.4936654761100633
0.4950601830403987
0.49645488997073417
0.4978495969010696
0.49924430383140506
0.5006390107617406
0.502033717692076
0.503430059607117
0.5048264015595711
0.5062227434940668
0.5076190853983508
0.5090154273026347
0.5104117692069187
0.5118081111112026
0.5132044530154866
0.5146007949197705
0.5159971368240545
0.5173934787283384
0.5187898206326224
0.5201861625369063
0.5215825044411903
0.5229788463454742
0.524377643843907
0.5257764413084873
0.5271752387132976
0.52857403616637
0.5299728336194424
0.5313716310725147
0.5327704285255871
0.5341692259786595
0.5355680234317318
0.5369668208848042
0.5383656183378766
0.5397644157909489
0.5411632132440213
0.5425620106970936
0.543960808150166
0.545365721418079
0.5467706346111982
0.5481755480954412
0.5495804615560742
0.5509853750167072
0.5523902884773402
0.5537952019379732
0.5552001153986061
0.5566050288592391
0.5580099423198721
0.5594148557805051
0.5608197692411381
0.5622246827017711
0.563629596162404
0.565034509623037
0.5664375407996488
0.5678405721145514
0.5692436033778624
0.5706466346411734
0.5720496659044844
0.5734526971677953
0.5748557284311063
0.5762587596944173
0.5776617909577283
0.5790648222210393
0.5804678534843503
0.5818708847476612
0.5832739160109722
0.5846769472742832
0.5860799785375942
0.5874822660093477
0.5888845533219554
0.5902868408554285
0.5916891283889015
0.5930914159223746
0.5944937034558476
0.5958959909893207
0.5972982785227937
0.5987005660562668
0.6001028535897398
0.6015051411232128
0.6029074286566859
0.6043097161901589
0.605712003723632
0.607114291257105
0.6085185200319164
0.6099227489877016
0.6113269777518997
0.6127312065160978
0.6141354352802959
0.615539664044494
0.6169438928086921
0.6183481215728902
0.6197523503370883
0.6211565791012864
0.6225608078654845
0.6239650366296826
0.6253692653938807
0.6267734941580788
0.6281777229222769
0.6295819091019543
0.6309860952152841
0.6323902813039247
0.6337944673925653
0.6351986534812059
0.6366028395698464
0.638007025658487
0.6394112117471276
0.6408153978357681
0.6422195839244087
0.6436237700130493
0.6450279561016898
0.6464321421903304
0.647836328278971
0.6492405143676115
0.6506440345369109
0.6520475547181896
0.6534510749052892
0.6548545950923887
0.6562581152794883
0.6576616354665878
0.6590651556536874
0.660468675840787
0.6618721960278865
0.663275716214986
0.6646792364020856
0.6660827565891851
0.6674862767762847
0.6688897969633842
0.6702933171504838
0.6716972184751544
0.6731011196319757
0.6745050211029296
0.6759089224793697
0.6773128238558098
0.6787167252322499
0.68012062660869
0.6815245279851301
0.6829284293615702
0.6843323307380103
0.6857362321144503
0.6871401334908904
0.6885440348673305
0.6899479362437706
0.6913518376202107
0.6927564950498483
0.6941611525593756
0.695565809844719
0.6969704671730925
0.698375124501466
0.6997797818298395
0.7011844391582129
0.7025890964865864
0.7039937538149599
0.7053984111433333
0.7068030684717068
0.7082077258000803
0.7096123831284538
0.7110170404568272
0.7124216977852007
0.7138253307553237
0.715228963945712
0.7166325971711944
0.7180362304267098
0.7194398633882613
0.7208434966666488
0.7222471299221642
0.7236507628837157
0.7250543961621032
0.7264580294176186
0.72786166237917
0.7292652956575576
0.730668928913073
0.7320725618746244
0.733476195153012
0.7348795743990271
0.7362829536939179
0.7376863329048299
0.739089712021004
0.7404930911371782
0.7418964702533524
0.7432998493695265
0.7447032284857007
0.7461066076018749
0.747509986718049
0.7489133658342232
0.7503167449503974
0.7517201240665715
0.7531235031827457
0.7545268822989198
0.755930416677229
0.7573339511565184
0.7587374859034601
0.7601410206504019
0.7615445553973437
0.7629480901442854
0.7643516248912272
0.765755159638169
0.7671586943851108
0.7685622291320525
0.7699657638789943
0.7713692986259361
0.7727728333728778
0.7741763681198196
0.7755799028667614
0.776985263242407
0.7783906234881911
0.7797959839115957
0.7812013443350002
0.7826067047584048
0.7840120651818093
0.7854174256052139
0.7868227860286184
0.788228146452023
0.7896335068754275
0.7910388672988321
0.7924442277222367
0.7938495881456412
0.7952549485690458
0.7966603089924503
0.7980659235688212
0.7994715380700573
0.800877152801141
0.802282767439335
0.803688382077529
0.805093996715723
0.806499611353917
0.807905225992111
0.809310840630305
0.810716455268499
0.812122069906693
0.813527684544887
0.814933299183081
0.816338913821275
0.817744528459469
0.8191465342129843
0.820548539941974
0.8219505458667853
0.8233525518191043
0.8247545577714233
0.8261565637237422
0.8275585696760612
0.8289605756283802
0.8303625815806992
0.8317645875330182
0.8331665934853372
0.8345685994376562
0.8359706053899751
0.8373726113422941
0.8387746172946131
0.8401790202030579
0.8415834228908596
0.8429878255109867
0.8443922281311138
0.8457966307512409
0.847201033371368
0.8486054359914951
0.8500098386116222
0.8514142412317492
0.8528186438518763
0.8542230464720034
0.8556274490921305
0.8570318517122576
0.8584362543323847
0.8598406569525118
0.8612442291351126
0.8626478014520564
0.8640513736772886
0.8654549459025207
0.8668585181277528
0.868262090352985
0.8696656625782171
0.8710692348034492
0.8724728070286814
0.8738763792539135
0.8752799514791456
0.8766835237043777
0.8780870959296099
0.879490668154842
0.8808942403800741
0.8822969742622587
0.8836997081001285
0.8851024420518144
0.8865051760035003
0.8879079099551862
0.8893106439068721
0.890713377858558
0.8921161118102439
0.8935188457619297
0.8949215797136156
0.8963243136653015
0.8977270476169874
0.8991297815686733
0.9005325155203592
0.9019352494720451
0.9033371680619433
0.9047390867587997
0.9061410054292857
0.9075429241834184
0.908944842643134
0.9103467611028496
0.9117486795625652
0.9131505980222808
0.9145525164819964
0.915954434941712
0.9173563534014276
0.9187582718611432
0.9201601903208588
0.9215621087805744
1.011917854407177
1.100704738511049
1.1894916225685095
1.2782785066045317
1.3670653906405539
1.455852274676576
1.5446391587125983
1.6334260427486205
1.7222129267846427
1.8109998108206649
1.899786694856687
1.9885735788927092
2.0773604629287314
2.1661473469647534
2.2549342310007754
2.3437211150367974
2.43482968224055
2.5259382494500455
2.61704681672888
2.708155384007714
2.7992639512865485
2.890372518565383
2.981481085844217
3.0725896531230514
3.1636982204018858
3.25480678768072
3.3459153549595544
3.4370239222383887
3.528132489517223
3.6192410567960573
3.7103496240748917
3.7981792102787684
3.8860087964572037
3.9738383826930246
4.061667968871459
4.149497555049894
4.237327141228329
4.325156727406764
4.412986313585199
4.500815899763634
4.5886454859420684
4.676475072120503
4.764304658298938
4.852134244477373
4.939963830655808
5.027793416834243
5.115514509209443
5.203235601489923
5.2909566937935795
5.378677786120413
5.466398878424069
5.554119970750903
5.641841063054559
5.729562155381393
5.817283247685049
5.905004340011883
5.992725432315539
6.0804465246423725
6.168167616946029
6.255888709272862
6.343609801576519
6.434247630644983
6.5248854595928725
6.615523288507719
6.706161117422565
6.796798946337411
6.887436775252257
6.978074604167103
7.0687124330819495
7.159350261996796
7.249988090911642
7.340625919826488
7.431263748741334
7.52190157765618
7.612539406571027
7.703177235485873
7.792869491095452
7.882561746723017
7.972254002233463
8.061946257697477
8.151638513207923
8.241330768671936
8.331023024182382
8.420715279646396
8.510407535156842
8.600099790620856
8.689792046131302
8.779484301595316
8.869176557105762
8.958868812569776
9.048561068080222
9.13776469410563
9.226968320351359
9.316171946502399
9.405375572653439
9.494579198804479
9.583782824955518
9.672986451106558
9.762190077257598
9.851393703408638
9.940597329559678
10.029800955710718
10.119004581861757
10.208208208012797
10.297411834163837
10.386615460314877
10.475976446015817
10.565337431894005
10.654698417774792
10.744059403464671
10.833420389402308
10.922781375364611
11.01214236105449
11.101503346992127
11.19086433295443
11.280225318644309
11.369586304581945
11.458947290544248
11.548308276234128
11.637669262171764
11.727030248134067
11.817262506119718
11.907494764167986
11.997727022307416
12.087959280446846
12.178191538586276
12.268423796725706
12.358656054865136
12.448888313004566
12.539120571143997
12.629352829283427
12.719585087422857
12.809817345562287
12.900049603701717
12.990281861841147
13.080514119980577
13.170828279958643
13.26114243998067
13.35145660005181
13.441770760199256
13.532084920270396
13.622399080341536
13.712713240488982
13.803027400560122
13.893341560631262
13.983655720778708
14.073969880849848
14.164284040920988
14.254598201068434
14.344912361139574
14.435226521210714
14.524856709584608
14.614486897942092
14.704117086259043
14.793747274575994
14.883377462892945
14.973007651209896
15.062637839526847
15.152268027843798
15.241898216160749
15.3315284044777
15.42115859279465
15.510788781111602
15.600418969428553
15.690049157745504
15.779679346062455
15.871848928913595
15.964018511694531
16.056188094389615
16.14835767705723
16.240527259752316
16.33269684241993
16.424866425115017
16.517036007782632
16.609205590477718
16.701375173145333
16.79354475584042
16.885714338508034
16.97788392120312
17.070053503870735
17.16222308656582
17.253242085568008
17.344261084612505
17.435280083627262
17.526299082624263
17.617318081621264
17.708337080618264
17.799356079615265
17.890375078612266
17.981394077609266
18.072413076606267
18.163432075603268
18.25445107460027
18.34547007359727
18.43648907259427
18.52750807159127
18.61799923648354
18.708490401483406
18.798981566457183
18.88947273143096
18.979963896404737
19.070455061378514
19.16094622635229
19.251437391326068
19.341928556299845
19.43241972127362
19.5229108862474
19.613402051221176
19.703893216194952
19.79438438116873
19.884875546142506
19.97626125349635
20.06764696093979
20.15903266826374
20.250418375587692
20.341804082911644
20.433189790235595
20.524575497559546
20.615961204883497
20.70734691220745
20.7987326195314
20.89011832685535
20.981504034179302
21.072889741503253
21.164275448827205
21.255661156151156
21.344859013527213
21.434056870857795
21.52325472841296
21.61245258596813
21.701650443523295
21.790848301078462
21.88004615863363
21.969244016188796
22.058441873743963
22.14763973129913
22.236837588854296
22.326035446409463
22.41523330396463
22.504431161519797
22.593629019074964
22.683852204394782
22.774075389718515
22.86429857504225
22.95452176036598
23.044744945689715
23.134968131013448
23.22519131633718
23.315414501660914
23.405637686984647
23.49586087230838
23.586084057632114
23.676307242955847
23.76653042827958
23.856753613603313
23.946976798927047
24.037222561927972
24.1274683247449
24.217714087585048
24.30795985039616
24.39820561320727
24.488451376018382
24.578697138829494
24.668942901640605
24.759188664451717
24.84943442726283
24.93968019007394
25.02992595288505
25.120171715696163
25.210417478507274
25.300663241318386
25.39116604361123
25.481668845933353
25.5721716481753
25.662674450417246
25.753177252659192
25.84368005490114
25.934182857143085
26.02468565938503
26.11518846162698
26.205691263868925
26.29619406611087
26.386696868352818
26.477199670594764
26.56770247283671
26.658205275078657
26.748563968227067
26.838922661250834
26.9292813542746
27.019640047298367
27.109998740322133
27.2003574333459
27.290716126369666
27.381074819393433
27.4714335124172
27.561792205440966
27.652150898464733
27.7425095914885
27.832868284512266
27.923226977536032
28.0135856705598
28.102287759291155
28.190989848145612
28.27969193689051
28.368394025767817
28.457096114512716
28.54579820339002
28.63450029213492
28.723202381012225
28.811904469757124
28.90060655863443
28.989308647379328
29.078010736256633
29.166712825001532
29.255414913878838
29.344117002623737
29.43176426176692
29.51941152106466
29.607058780337663
29.694706039415294
29.782353298688296
29.870000557765927
29.95764781703893
30.04529507611656
30.13294233538956
30.220589594467192
30.308236853740194
30.395884112817825
30.483531372090827
30.571178631168458
30.65882589044146
30.66022582696661
30.661625763531703
30.663025700321956
30.66442563706794
30.665825573813922
30.667225510559906
30.66862544730589
30.670025384051872
30.671425320797855
30.67282525754384
30.67422519428982
30.675625131035805
30.677025067781788
30.67842500452777
30.679824941273754
30.681225278212903
30.682625615145376
30.684025951956958
30.68542628876854
30.68682662558012
30.688226962391703
30.689627299203284
30.691027636014866
30.692427972826447
30.69382830963803
30.69522864644961
30.696628983261192
30.698029320072774
30.699429656884355
30.700829993695937
30.7022290654166
30.70362813728885
30.70502720925612
30.70642628122339
30.70782535319066
30.70922442515793
30.7106234971252
30.712022569092472
30.713421641059742
30.714820713027013
30.716219784994284
30.717618856961554
30.719017928928825
30.720417000896095
30.721816072863366
30.72321448023587
30.724612887862317
30.726011295518948
30.727409703175578
30.728808110832208
30.73020651848884
30.73160492614547
30.7330033338021
30.73440174145873
30.73580014911536
30.73719855677199
30.73859696442862
30.73999537208525
30.74139377974188
30.74278700170039
30.74418057136376
30.74557414108768
30.74696771066571
30.7483612806218
30.74975485057789
30.75114842053398
30.75254199049007
30.75393556044616
30.75532913040225
30.75672270035834
30.758116270314428
30.759509840270518
30.760903410226607
30.762296980182697
30.763690550138787
30.765083542693837
30.76647653521272
30.76786952797851
30.7692625205272
30.770655513075887
30.772048505624575
30.773441498173263
30.77483449072195
30.776227483270638
30.777620475819326
30.779013468368014
30.7804064609167
30.78179945346539
30.783192446014077
30.784585438562765
30.785979575017542
30.78737371139264
30.788767847765158
30.790161983983467
30.791556120201776
30.792950256420085
30.794344392638394
30.795738528856702
30.79713266507501
30.79852680129332
30.79992093751163
30.80131507372994
30.802709209948247
30.804103346166556
30.805497482384865
30.80688630634849
30.808275130477554
30.809663954398236
30.811052778464013
30.81244160266009
30.813830426751593
30.81521925081737
30.81660807501345
30.81799689910495
30.81938572317073
30.820774547366806
30.82216337145831
30.823552195524087
30.824941019720164
30.826329843811667
30.82771980114491
30.8291097582493
30.830499715509344
30.831889672762347
30.83327963001535
30.834669587268355
30.83605954452136
30.837449501774362
30.838839459027366
30.84022941628037
30.841619373533373
30.843009330786376
30.84439928803938
30.845789245292384
30.847179202545387
30.848564330225845
30.849949457955
30.85133458556643
30.852719713177862
30.854104840789294
30.855489968400725
30.856875096012157
30.85826022362359
30.85964535123502
30.861030478846452
30.862415606457883
30.863800734069315
30.865185861680747
30.86657098929218
30.86795611690361
30.869343547461014
30.870730977986643
30.872118408446575
30.873505838906507
30.87489326936644
30.87628069982637
30.877668130286303
30.879055560746234
30.880442991206166
30.8818304216661
30.88321785212603
30.884605282585962
30.885992713045894
30.887380143505826
30.888767573965758
30.890154954035566
30.891542334145388
30.89292971439224
30.89431709451954
30.89570447464684
30.897091854774143
30.898479234901444
30.899866615028746
30.901253995156047
30.90264137528335
30.90402875541065
30.90541613553795
30.906803515665253
30.908190895792554
30.909578275919856
30.910962510951492
30.91234674594323
30.91373098087163
30.915115215800032
30.916499450728434
30.917883685656836
30.919267920585238
30.92065215551364
30.92203639044204
30.923420625370444
30.924804860298845
30.926189095227247
30.92757333015565
30.92895756508405
30.930341800012453
30.931726340991293
30.933110882074214
30.93449542305651
30.935879964038808
30.937264505021105
30.938649046003402
30.9400335869857
30.941418127967996
30.942802668950293
30.94418720993259
30.945571750914887
30.946956291897184
30.94834083287948
30.949725373861778
30.951109914844075
30.952494631309097
30.95387934783475
30.955264064319834
30.95664878080492
30.958033497290003
30.959418213775088
30.960802930260172
30.962187646745257
30.96357236323034
30.964957079715425
30.96634179620051
30.967726512685594
30.96911122917068
30.970495945655763
30.971880662140848
30.97326618894192
30.974651715810626
30.976037242737842
30.977422769443
30.978808296347218
30.98019382297728
30.981579349737192
30.982964876634632
30.984350403454684
30.985735930358903
30.987121456988966
30.988506983748877
30.989892510646317
30.99127803746637
30.992663564370588
30.994049389904628
30.995435215370772
30.996821040862333
30.99820686645416
30.99959269204599
31.00097851763782
31.002364343229647
31.003750168821476
31.005135994413305
31.006521820005133
31.007907645596962
31.00929347118879
31.01067929678062
31.012065122372448
31.013450947964277
31.014836510000787
31.016222071931242
31.017607633887707
31.018993195933742
31.020378757934655
31.02176431989112
31.023149881937155
31.024535443938067
31.02592100589453
31.027306567940567
31.02869212994148
31.030077691897944
31.03146325394398
31.03284881594489
31.034234377901356
31.035619541375436
31.037004704614667
31.038389868159445
31.039775031565974
31.041160194972502
31.04254535837903
31.04393052178556
31.045315685192087
31.046700848598615
31.048086012005143
31.04947117541167
31.0508563388182
31.052241502224728
31.053626665631256
31.055011829037785
31.05640063860327
31.05778944805799
31.059178257620644
31.0605670671833
31.061955876745955
31.06334468630861
31.064733495871266
31.06612230543392
31.067511114996577
31.068899924559233
31.07028873412189
31.071677543684544
31.0730663532472
31.074455162809855
31.07584397237251
31.077229693855084
31.078615415476214
31.080001137322647
31.08138685916908
31.08277258101551
31.084158302861944
31.085544024708376
31.08692974655481
31.08831546840124
31.089701190247673
31.091086912094106
31.092472633940538
31.09385835578697
31.095244077633403
31.096629799479835
31.098014055484864
31.09939831140006
31.100782567371635
31.10216682341005
31.10355107944847
31.104935335486886
31.106319591525303
31.10770384756372
31.109088103602136
31.110472359640553
31.11185661567897
31.113240871717387
31.114625127755804
31.11600938379422
31.11739363983264
31.11878228536214
31.120170930980926
31.121559576580406
31.122948222179886
31.124336867779366
31.125725513378846
31.127114158978326
31.128502804577806
31.129891450177286
31.131280095776766
31.132668741376246
31.134057386975726
31.135446032575206
31.136834678174687
31.138223323774167
31.13960927471454
31.14099522575382
31.14238117662093
31.143767127741473
31.145153078862016
31.14653902998256
31.147924981103102
31.149310932223646
31.15069688334419
31.152082834464732
31.153468785585275
31.15485473670582
31.15624068782636
31.157626638946905
31.159012590067448
31.16040039493305
31.161788199844683
31.16317600485425
31.164563809863818
31.165951614873386
31.167339419882953
31.16872722489252
31.17011502990209
31.171502834911657
31.172890639921224
31.174278444930792
31.17566624994036
31.177054054949927
31.178441859959495
31.179829664969063
31.181215406882224
31.18260114868469
31.183986890519396
31.185372632354103
31.18675837418881
31.188144116023516
31.189529857858222
31.19091559969293
31.192301341527635
31.19368708336234
31.195072825197048
31.196458567031755
31.19784430886646
31.199230050701168
31.200615792535874
31.202001073493054
31.203386354320145
31.2047716352054
31.206156916090656
31.20754219697591
31.208927477861167
31.210312758746422
31.211698039631678
31.213083320516933
31.21446860140219
31.215853882287444
31.2172391631727
31.218624444057955
31.22000972494321
31.221395005828466
31.22278209657665
31.224169187080022
31.22555627763633
31.226943368389076
31.228330459141823
31.22971754989457
31.231104640647317
31.232491731400064
31.23387882215281
31.235265912905557
31.236653003658304
31.23804009441105
31.239427185163798
31.240814275916545
31.242201366669292
31.24358969646011
31.24497802630853
31.24636635605232
31.24775468579611
31.2491430155399
31.25053134528369
31.25191967502748
31.25330800477127
31.25469633451506
31.25608466425885
31.25747299400264
31.25886132374643
31.26024965349022
31.26163798323401
31.2630263129778
31.264414116043902
31.265801919098845
31.26718972249192
31.268577525632455
31.26996532877299
31.271353131913525
31.27274093505406
31.274128738194594
31.27551654133513
31.276904344475664
31.2782921476162
31.279679950756734
31.28106775389727
31.282455557037803
31.283843360178338
