0.0014001179550361456
0.002800235832867352
0.004200353730285525
0.005600471615437768
0.007000589617086514
0.008400707593492008
0.00980082547864425
0.011200943480292996
0.01260106145669849
0.014001179341850732
0.015401297343499478
0.01680141531990497
0.018201533205057213
0.01960165120670596
0.021001769183111453
0.02240229350298904
0.023802817933006988
0.025203342344645246
0.02660386689534513
0.028004391446045017
0.029404915996744902
0.030805440547444787
0.032205965098144676
0.033606489648844565
0.03500701419954445
0.03640753875024434
0.03780806330094423
0.03920858785164412
0.04060911240234401
0.0420096369530439
0.0434111839944348
0.04481273111254881
0.0462142781726958
0.04761582522623681
0.04901737236656722
0.050418919302541165
0.05182046635608217
0.05322201349641258
0.05462356043238653
0.05602510748592754
0.05742665462625795
0.0588282015622319
0.060229748615772905
0.061631295756103315
0.06303284269207726
0.0644347675951654
0.06583669267469013
0.06723861776668241
0.06864054277173785
0.0700424677767933
0.07144439278184873
0.07284631778690417
0.07424824279195961
0.07565016779701506
0.0770520928020705
0.07845401780712594
0.07985594281218138
0.08125786781723682
0.08265979282229226
0.0840617178273477
0.08546507221287648
0.08686842666357773
0.08827178100953055
0.08967513534381054
0.09107848967809053
0.09248184401237051
0.0938851983466505
0.09528855268093049
0.09669190701521048
0.09809526134949047
0.09949861568377046
0.10090197001805044
0.10230532435233043
0.10370867868661042
0.10511203302089041
0.10651522036992274
0.10791840786560572
0.10932159518749539
0.11072478248624724
0.1121279697849991
0.11353115708375096
0.11493434438250281
0.11633753168125467
0.11774071898000653
0.11914390627875839
0.12054709357751024
0.1219502808762621
0.12335346817501396
0.12475665547376581
0.12615984277251768
0.12756199761830675
0.12896415248801774
0.13036630733158786
0.13176846225060693
0.133170617169626
0.13457277208864507
0.13597492700766414
0.13737708192668321
0.1387792368457023
0.14018139176472136
0.14158354668374043
0.1429857016027595
0.14438785652177857
0.14579001144079765
0.14719216635981672
0.1485952842127845
0.14999840175960533
0.15140151928748136
0.152804636846153
0.15420775440482465
0.1556108719634963
0.15701398952216794
0.1584171070808396
0.15982022463951123
0.16122334219818288
0.16262645975685452
0.16402957731552617
0.16543269487419782
0.16683581243286946
0.1682389299915411
0.16964100658200582
0.1710430830458286
0.17244515959442117
0.17384723605824354
0.1752493125220659
0.17665138898588828
0.17805346544971065
0.17945554191353302
0.1808576183773554
0.18225969484117777
0.18366177130500014
0.1850638477688225
0.18646592423264488
0.18786800069646725
0.18927007716028962
0.1906728233770463
0.19207556940087042
0.1934783154419093
0.19488106148294818
0.19628380752398705
0.19768655356502593
0.1990892996060648
0.20049204564710368
0.20189479168814256
0.20329753772918144
0.20470028377022031
0.2061030298112592
0.20750577585229807
0.20890852189333695
0.21031126793437582
0.21171288571441174
0.2131145035685472
0.2145161213118004
0.21591773913149653
0.21731935695119267
0.2187209747708888
0.22012259259058495
0.22152421041028109
0.22292582822997722
0.22432744604967336
0.2257290638693695
0.22713068168906564
0.22853229950876178
0.22993391732845792
0.23133553514815405
0.23273851738937226
0.2341414997823579
0.2355444820427747
0.23694746412941245
0.2383504462160502
0.23975342830268795
0.2411564103893257
0.24255939247596345
0.2439623745626012
0.24536535664923895
0.2467683387358767
0.24817132082251445
0.2495743029091522
0.2509772849957899
0.25238026708242767
0.25378208659735163
0.2551839059040143
0.25658572550663683
0.2579875449835306
0.2593893644604244
0.26079118393731815
0.2621930034142119
0.2635948228911057
0.26499664236799947
0.26639846184489324
0.267800281321787
0.2692021007986808
0.27060392027557456
0.27200573975246833
0.2734075592293621
0.2748107158360262
0.27621387267016356
0.27761702919148656
0.2790201860179703
0.280423342844454
0.28182649967093776
0.2832296564974215
0.2846328133239052
0.28603597015038895
0.2874391269768727
0.2888422838033564
0.29024544062984015
0.2916485974563239
0.2930517542828076
0.29445491110929134
0.2958591675951977
0.29726342374061276
0.29866767994324556
0.30007193622208767
0.3014761925009298
0.3028804487797719
0.304284705058614
0.3056889613374561
0.3070932176162982
0.3084974738951403
0.3099017301739824
0.31130598645282453
0.31271024273166664
0.31411449901050875
0.31551875528935086
0.31692220012440364
0.3183256451161496
0.31972908995048893
0.3211325347848283
0.32253597961916763
0.323939424453507
0.32534286928784634
0.3267463141221857
0.32814975895652504
0.3295532037908644
0.33095664862520374
0.3323600934595431
0.33376353829388244
0.3351669831282218
0.33657042796256115
0.33797482375811033
0.3393792194372603
0.34078361517641187
0.34218801085103345
0.34359240652565504
0.3449968022002766
0.3464011978748982
0.3478055935495198
0.34920998922414137
0.35061438489876295
0.35201878057338454
0.3534231762480061
0.3548275719226277
0.3562319675972493
0.35763636327187087
0.3590405626591302
0.36044476191001573
0.3618489611706637
0.3632531604591727
0.36465735974768176
0.3660615590361908
0.36746575832469985
0.3688699576132089
0.37027415690171794
0.371678356190227
0.37308255547873603
0.3744867547672451
0.3758909540557541
0.37729515334426317
0.3786993526327722
0.38010381238737667
0.38150827236861
0.38291273212749083
0.3843171918738299
0.38572165162016897
0.38712611136650804
0.3885305711128471
0.3899350308591862
0.39133949060552525
0.3927439503518643
0.3941484100982034
0.39555286984454247
0.39695732959088154
0.3983617893372206
0.3997662490835597
0.40117014289769276
0.40257403675029485
0.4039779303975202
0.40538182423282654
0.40678571806813285
0.40818961190343916
0.4095935057387455
0.4109973995740518
0.4124012934093581
0.4138051872446644
0.41520908107997073
0.41661297491527705
0.41801686875058336
0.4194207625858897
0.420824656421196
0.422229318650804
0.423633980848847
0.4250386429842421
0.4264433051196372
0.42784796725503227
0.42925262939042735
0.43065729152582244
0.4320619536612175
0.4334666157966126
0.4348712779320077
0.4362759400674028
0.43768060220279786
0.43908526433819295
0.44048992647358803
0.4418945886089831
0.44329963643966724
0.44470468424155035
0.4461097320703285
0.44751477989910665
0.4489198277278848
0.45032487555666295
0.4517299233854411
0.45313497121421925
0.4545400190429974
0.45594506687177555
0.4573501147005537
0.45875516252933185
0.46016021035811
0.46156525818688815
0.4629703060156663
0.4643748717352672
0.465779437234956
0.4671840028457559
0.46858856847099606
0.4699931340962362
0.4713976997214764
0.47280226534671654
0.4742068309719567
0.47561139659719687
0.47701596222243703
0.4784205278476772
0.47982509347291735
0.4812296590981575
0.4826342247233977
0.48403879034863784
0.48544193060975366
0.4868450710870167
0.48824821168449334
0.489651352145575
0.4910544926066566
0.49245763306773827
0.4938607735288199
0.49526391398990155
0.4966670544509832
0.49807019491206483
0.4994733353731465
0.5008764758342281
0.5022796162953097
0.5036827567563913
0.5050858972174729
0.5064902339473017
0.5078945707383048
0.5092989075991237
0.5107032447216638
0.512107581844204
0.5135119189667442
0.5149162560892844
0.5163205932118246
0.5177249303343647
0.5191292674569049
0.5205336045794451
0.5219379417019853
0.5233422788245254
0.5247466159470656
0.5261509530696058
0.527557084469077
0.5289632157806766
0.5303693470304502
0.5317754783472564
0.5331816096640625
0.5345877409808686
0.5359938722976747
0.5374000036144808
0.5388061349312869
0.540212266248093
0.5416183975648992
0.5430245288817053
0.5444306601985114
0.5458367915153175
0.5472429228321236
0.5486532485826016
0.5500635742013704
0.5514738999933119
0.5528842259038996
0.5542945518144874
0.5557048777250752
0.5571152036356629
0.5585255295462507
0.5599358554568384
0.5613461813674262
0.562756507278014
0.5641668331886017
0.5655771590991895
0.5669874850097772
0.568397810920365
0.5698067659000574
0.5712157209551897
0.5726246759379351
0.5740336309206805
0.5754425859034259
0.5768515408861713
0.5782604958689167
0.5796694508516621
0.5810784058344075
0.5824873608171529
0.5838963157998983
0.5853052707826437
0.5867142257653891
0.5881231807481345
0.5895321357308799
0.5909405486144444
0.5923489616253923
0.5937573745611934
0.5951657874969944
0.5965742004327955
0.5979826133685966
0.5993910263043977
0.6007994392401987
0.6022078521759998
0.6036162651118009
0.605024678047602
0.606433090983403
0.6078415039192041
0.6092499168550052
0.6106583297908063
0.6120681571610042
0.6134779844111955
0.6148878115941315
0.6162976387616501
0.6177074659291687
0.6191172930966873
0.6205271202642059
0.6219369474317245
0.623346774599243
0.6247566017667616
0.6261664289342802
0.6275762561017988
0.6289860832693174
0.630395910436836
0.6318057376043545
0.6332155339409841
0.6346253302073945
0.6360351265354426
0.6374449228634906
0.6388547191915387
0.6402645155195867
0.6416743118476348
0.6430841081756828
0.6444939045037309
0.645903700831779
0.647313497159827
0.648723293487875
0.6501330898159231
0.6515428861439712
0.6529526824720192
0.6543619938317158
0.6557713050644202
0.6571806164047103
0.6585899277450004
0.6599992390852905
0.6614085504255806
0.6628178617658707
0.6642271731061608
0.6656364844464508
0.667045795786741
0.668455107127031
0.6698644184673211
0.6712737298076112
0.6726830411479013
0.6740923524881914
0.675501941403412
0.676911530159931
0.6783211191063118
0.6797307082303877
0.6811402973544637
0.6825498864785396
0.6839594756026156
0.6853690647266916
0.6867786538507675
0.6881882429748435
0.6895978320989194
0.6910074212229954
0.6924170103470714
0.6938265994711473
0.6952361885952233
0.6966463280067304
0.6980564674071633
0.6994666066011942
0.7008767458984261
0.702286885195658
0.7036970244928898
0.7051071637901217
0.7065173030873536
0.7079274423845855
0.7093375816818174
0.7107477209790493
0.7121578602762811
0.713567999573513
0.7149781388707449
0.7163882781679768
0.7177976718824208
0.719207065527211
0.7206164591591024
0.7220258526670511
0.7234352461670135
0.7248446396273546
0.7262540331353032
0.7276634266352656
0.7290728200956067
0.7304822136035554
0.7318916071035177
0.7333010005638588
0.7347103940718075
0.7361197875717699
0.737529181032111
0.7389383894846623
0.7403475981628271
0.7417568069603114
0.7431660157482116
0.7445752245361118
0.745984433324012
0.7473936421119122
0.7488028508998124
0.7502120596877125
0.7516212684756127
0.7530304772635129
0.7544396860514131
0.7558488948393133
0.7572581036272135
0.7586673124151136
0.76007663407763
0.7614859554530481
0.7628952769968907
0.7643045985407334
0.7657139200845761
0.7671232416284187
0.7685325631722614
0.769941884716104
0.7713512062599467
0.7727605278037893
0.774169849347632
0.7755791708914747
0.7769884924353173
0.77839781397916
0.7798071355230026
0.7812177863446689
0.782628437274812
0.7840390882849055
0.7854497391652034
0.7868603900455013
0.7882710409257992
0.7896816918060972
0.7910923426863951
0.792502993566693
0.7939136444469909
0.7953242953272888
0.7967349462075867
0.7981455970878846
0.7995562479681825
0.8009668988484804
0.8023777347232668
0.8037885708105665
0.8051994067788255
0.8066102426817064
0.8080210785845874
0.8094319144874683
0.8108427503903493
0.8122535862932302
0.8136644221961111
0.8150752580989921
0.816486094001873
0.8178969299047539
0.8193077658076349
0.8207186017105158
0.8221294376133967
0.823537645231537
0.8249458531389827
0.8263540608350602
0.8277622686254454
0.8291704764158306
0.8305786842062158
0.831986891996601
0.8333950997869862
0.8348033075773714
0.8362115153677566
0.8376197231581418
0.839027930948527
0.8404361387389122
0.8418443465292974
0.8432525543196826
0.8446625083303659
0.8460724623414699
0.8474824164171377
0.8488923701600326
0.8503023239029275
0.8517122776458224
0.8531222313887172
0.8545321851316121
0.855942138874507
0.8573520926174019
0.8587620463602967
0.8601720001031916
0.8615819538460865
0.8629919075889814
0.8644018613318762
0.8658112105520495
0.8672205598955769
0.8686299091507389
0.8700392584059009
0.8714486076610629
0.8728579569162249
0.8742673061713869
0.8756766554265489
0.8770860046817109
0.878495353936873
0.879904703192035
0.881314052447197
0.882723401702359
0.884132750957521
0.885542100212683
0.8869508384627017
0.8883595770085148
0.8897683155075694
0.8911770539084494
0.8925857923093293
0.8939945307102093
0.8954032691110893
0.8968120075119692
0.8982207459128492
0.8996294843137291
0.9010382227146091
0.902446961115489
0.903855699516369
0.905264437917249
0.9066731763181289
0.9080813202985236
0.9094894642046273
0.910897608201502
0.9123057524576953
0.9137138965348294
0.9151220406119634
0.9165301846890975
0.9179383287662316
0.9193464728433657
0.9207546169204998
0.9221627609976338
0.9235709050747679
0.924979049151902
0.9263871932290361
1.047653363522763
1.1690946460315585
1.2905359285507987
1.4119772110193103
1.5334184934878219
1.6548597759563335
1.776301058424845
1.8977423408933567
2.0191836233618683
2.14062490583038
2.2620661882988915
2.383507470767403
2.5049487532359147
2.6263900357044263
2.747831318172938
2.8692726006414495
2.990550595352475
3.111828589860602
3.2331065844041773
3.3543845789477524
3.4756625734913276
3.5969405680349027
3.718218562578478
3.839496557122053
3.960774551665628
4.082052546209203
4.203330540752778
4.324608535296353
4.445886529839927
4.567164524383502
4.688442518927077
4.809693177106727
4.93094383526101
5.052194493256197
5.173445151302707
5.294695809349218
5.415946467395728
5.537197125442239
5.658447783488749
5.77969844153526
5.90094909958177
6.022199757628281
6.143450415674791
6.264701073721302
6.385951731767812
6.5072023898143225
6.628451480528692
6.749700571315169
6.870949662029305
6.992198752802074
7.11344784351621
7.234696934288979
7.355946025003115
7.477195115775884
7.5984442064900195
7.719693297262789
7.840942387976924
7.962191478749694
8.083440569463828
8.204689660236598
8.325938750950733
8.447174324965466
8.56840989889401
8.68964547281208
8.810881046730149
8.932116620648218
9.053352194566287
9.174587768484356
9.295823342402425
9.417058916320494
9.538294490238563
9.659530064156632
9.780765638074701
9.90200121199277
10.02323678591084
10.144472359828908
10.265873594179144
10.38727482857007
10.508676063117987
10.630077297517175
10.751478532065093
10.872879766464282
10.9942810010122
11.115682235411388
11.237083469959305
11.358484704358494
11.479885938906412
11.6012871733056
11.722688407853518
11.844089642252706
11.965490876800624
12.086930255690534
12.208369634629372
12.329809013635646
12.45124839264192
12.572687771648194
12.694127150654468
12.815566529660742
12.937005908667016
13.05844528767329
13.179884666679564
13.301324045685838
13.422763424692112
13.544202803698386
13.66564218270466
13.787081561710934
13.908482439884185
14.029883317998763
14.151284196040544
14.272685074044718
14.394085952132695
14.51548683016562
14.636887708169795
14.758288586257772
14.879689464290697
15.001090342294871
15.122491220382848
15.243892098415774
15.365292976419948
15.486693854507925
15.60809473254085
15.72943057019261
15.850766407759508
15.972102245528434
16.09343808329736
16.21477392106629
16.336109758835217
16.457445596604146
16.578781434373074
16.700117272142002
16.82145310991093
16.94278894767986
17.064124785448787
17.185460623217715
17.306796460986643
17.42813229875557
17.54946850297036
17.67080470713653
17.79214091126835
17.913477115472404
18.03481331970305
18.156149523834873
18.277485728038926
18.398821932269573
18.520158136401395
18.641494340605448
18.762830544836095
18.884166748967917
19.00550295317197
19.126839157402618
19.24817536153444
19.369576517073952
19.490977672622574
19.612378828196846
19.733779983771118
19.85518113934539
19.976582294919663
20.097983450493935
20.219384606068207
20.34078576164248
20.46218691721675
20.583588072791024
20.704989228365296
20.826390383939568
20.94779153951384
21.069192695088113
21.190454889689295
21.311717084180863
21.43297927871227
21.554241473280094
21.6755036678115
21.796765862379324
21.91802805691073
22.039290251478555
22.160552446009962
22.281814640577785
22.403076835109193
22.524339029677016
22.645601224208423
22.766863418776246
22.888125613307654
23.00940255218767
23.130679491049882
23.251956429902236
23.373233368658184
23.49451030741413
23.61578724617008
23.737064184926027
23.858341123681974
23.979618062437922
24.10089500119387
24.222171939949817
24.343448878705765
24.464725817461712
24.58600275621766
24.707279694973607
24.82851275681086
24.949745818478114
25.07097888030237
25.192211942126626
25.313445003950882
25.434678065775138
25.555911127599394
25.67714418942365
25.798377251247906
25.919610313072162
26.04084337489642
26.162076436720675
26.28330949854493
26.404542560369187
26.525775622193443
26.647058153590308
26.768340684868633
26.88962321609662
27.010905747324607
27.132188278552594
27.25347080978058
27.374753341008567
27.496035872236554
27.61731840346454
27.738600934692528
27.859883465920515
27.9811659971485
28.102448528376488
28.223731059604475
28.345013590832462
28.466452996872437
28.58789240281094
28.70933180889346
28.83077121497598
28.952210621058498
29.073650027141017
29.195089433223536
29.316528839306056
29.437968245388575
29.559407651471094
29.680847057553613
29.802286463636133
29.923725869718652
30.04516527580117
30.16660468188369
30.287940478689798
30.40927627548458
30.53061207229143
30.65194786909828
30.77328366590513
30.89461946271198
31.01595525951883
31.13729105632568
31.25862685313253
31.37996264993938
31.50129844674623
31.62263424355308
31.74397004035993
31.86530583716678
31.98664163397363
32.1079775323948
32.229313430732915
32.35064932919173
32.47198522744176
32.593321125691794
32.714657023941825
32.835992922191856
32.95732882044189
33.07866471869192
33.20000061694195
33.32133651519198
33.44267241344201
33.56400831169204
33.68534420994207
33.806680108192104
33.92791336907046
34.04914662997786
34.170379891028944
34.291613152080025
34.412846413131106
34.53407967418219
34.65531293523327
34.77654619628435
34.89777945733543
35.01901271838651
35.140245979437594
35.261479240488676
35.38271250153976
35.50394576259084
35.62517902364192
35.746445229097624
35.86771143458523
35.98897764007284
36.11024384556045
36.231510051048055
36.35277625653566
36.47404246202327
36.59530866751088
36.716574872998486
36.83784107848609
36.9591072839737
37.08037348946131
37.201639694948916
37.322905900436524
37.44417210592413
37.56561376402175
37.687055422126846
37.808497080233785
37.92993873830299
38.051380396409925
38.17282205447913
38.294263712586066
38.41570537065527
38.537147028762206
38.65858868683141
38.780030344938346
38.90147200300755
39.02291366111449
39.14435531918369
39.26579697729063
39.38704558856879
39.508294199722016
39.629542811023114
39.75079142241037
39.87204003371147
39.99328864509873
40.11453725639983
40.23578586778709
40.357034479088185
40.47828309047544
40.59953170177654
40.7207803131638
40.8420289244649
40.96327753585216
41.084526147153255
41.0859328451603
41.08733954348444
41.08874624143803
41.090152939688416
41.0915596379388
41.092966336189185
41.09437303443957
41.095779732689955
41.09718643094034
41.098593129190725
41.09999982744111
41.101406525691495
41.10281322394188
41.104219922192264
41.10562662044265
41.107033610765434
41.10844060120801
41.10984759141528
41.11125458153082
41.11266157164636
41.114068561761904
41.115475551877445
41.116882541992986
41.11828953210853
41.11969652222407
41.12110351233961
41.12251050245515
41.12391749257069
41.12532448268623
41.12673147280177
41.128137539366875
41.12954360584419
41.13094967236187
41.13235573887955
41.133761805397235
41.135167871914916
41.1365739384326
41.13798000495028
41.13938607146796
41.14079213798564
41.14219820450332
41.143604271021005
41.145010337538686
41.14641640405637
41.14782247057405
41.149228052151074
41.15063363354518
41.15203921487731
41.15344479620944
41.15485037754157
41.1562559588737
41.15766154020583
41.15906712153796
41.16047270287009
41.16187828420222
41.163283865534346
41.164689446866475
41.166095028198605
41.167500609530734
41.168902662443486
41.17030497025436
41.17170727787572
41.17310958545152
41.17451189293469
41.17591420041786
41.177316507901025
41.178718815384194
41.18012112286736
41.18152343035053
41.1829257378337
41.18432804531687
41.185730352800036
41.187132660283204
41.18853496776637
41.18993727524954
41.19133915994453
41.19274104480939
41.1941429295894
41.195544814541186
41.196946699492976
41.198348584444766
41.199750469396555
41.201152354348345
41.202554239300134
41.203956124251924
41.205358009203714
41.2067598941555
41.20816177910729
41.20956366405908
41.21096554901087
41.21236827169539
41.21377099422316
41.21517371696384
41.21657643966193
41.21797916236002
41.219381885058105
41.220784607756194
41.22218733045428
41.22359005315237
41.22499277585046
41.22639549854855
41.22779822124664
41.229200943944726
41.230603666642814
41.2320063893409
41.23340522739028
41.23480406517393
41.236202902949785
41.23760174085849
41.23900057870699
41.24039941637645
41.24179825428515
41.243197092133656
41.24459592980311
41.245994767711814
41.24739360556032
41.248792443229775
41.25019128113848
41.25159011898698
41.25298895665644
41.254388621493575
41.255788286263645
41.257187951240006
41.25858761623552
41.25998728123104
41.26138694622656
41.262786611222076
41.26418627621759
41.26558594121311
41.26698560620863
41.268385271204146
41.26978493619966
41.27118460119518
41.2725842661907
41.273983931186216
41.275380076579516
41.27677622178806
41.27817236706058
41.27956851233309
41.28096465760561
41.282360802878124
41.28375694815064
41.285153093423155
41.28654923869567
41.287945383968186
41.2893415292407
41.29073767451322
41.29213381978573
41.29352996505825
41.29492611033076
41.296323932498126
41.297721754866274
41.299119577011815
41.30051739915736
41.3019152213029
41.30331304344844
41.30471086559398
41.306108687739524
41.307506509885066
41.30890433203061
41.31030215417615
41.31169997632169
41.31309779846723
41.314495620612774
41.315893442758316
41.317291228198854
41.318689013495835
41.32008679886746
41.321484584320515
41.32288236977357
41.32428015522663
41.32567794067969
41.32707572613275
41.328473511585806
41.32987129703886
41.33126908249192
41.33266686794498
41.33406465339804
41.335462438851096
41.336860224304154
41.33825572092074
41.33965121756225
41.34104671406024
41.34244221055823
41.343837707056224
41.345233203554216
41.34662870005221
41.3480241965502
41.34941969304819
41.35081518954618
41.352210686044174
41.353606182542165
41.35500167904016
41.35639717553815
41.35779267203614
41.359188391098094
41.36058411015205
41.36197982923156
41.36337554831107
41.36477126739058
41.36616698647009
41.3675627055496
41.36895842462911
41.370354143708624
41.371749862788135
41.37314558186765
41.37454130094716
41.37593702002667
41.37733273910618
41.37872845818569
41.380124304836386
41.38152015137422
41.382915997827695
41.38431184428117
41.38570769073465
41.387103537188125
41.3884993836416
41.38989523009508
41.391291076548555
41.39268692300203
41.39408276945551
41.395478615908985
41.39687446236246
41.39827030881594
41.399666155269415
41.401062590758535
41.40245902608486
41.4038554613388
41.40525189691002
41.406648332364846
41.408044767718074
41.409441202950525
41.41083763822427
41.412234073686186
41.41363050914101
41.41502694449424
41.41642337972669
41.417819815000435
41.41921625046235
41.42061268591717
41.42200933834736
41.42340599075917
41.42480264309923
41.4261992953448
41.427595947590376
41.42899259983595
41.430389252081525
41.4317859043271
41.433182556572675
41.43457920881825
41.435975861063824
41.4373725133094
41.43876916555497
41.44016581780055
41.44156247004612
41.44295893104859
41.444355391813524
41.445751852581175
41.44714831315617
41.448544773806695
41.44994123457435
41.45133769514934
41.45273415579987
41.45413061656752
41.45552707714251
41.45692353779304
41.45831999856069
41.459716459135684
41.46111291978621
41.46250938055386
41.46390555187904
41.46530172312293
41.46669789420342
41.46809406550796
41.469490236812504
41.470886408117046
41.47228257942159
41.47367875072613
41.47507492203067
41.47647109333521
41.477867264639755
41.4792634359443
41.48065960724884
41.48205577855338
41.48345194985792
41.48485077700354
41.48624960419833
41.48764843132578
41.48904725845323
41.490446085580686
41.49184491270814
41.49324373983559
41.494642566963044
41.4960413940905
41.49744022121795
41.4988390483454
41.500237875472855
41.50163670260031
41.50303552972776
41.504434356855214
41.50583093354397
41.50722751051559
41.508624087274384
41.51002066403318
41.51141724079197
41.512813817550764
41.51421039430956
41.51560697106835
41.517003547827144
41.51840012458594
41.51979670134473
41.521193278103524
41.52258985486232
41.52398643162111
41.525383008379904
41.52677852027156
41.52817403232121
41.52956954428372
41.53096505620995
41.532360568136184
41.53375608006242
41.53515159198865
41.536547103914884
41.53794261584112
41.53933812776735
41.540733639693585
41.54212915161982
41.54352466354605
41.544920175472285
41.54631568739852
41.547714395234635
41.54911310292912
41.5505118104757
41.551910518022275
41.55330922556885
41.55470793311543
41.55610664066201
41.557505348208586
41.558904055755164
41.56030276330174
41.56170147084832
41.5631001783949
41.564498885941475
41.56589759348805
41.56729630103463
41.568693044818545
41.57008978871307
41.57148653261353
41.572883276272776
41.574280019932026
41.575676763591275
41.577073507250525
41.578470250909774
41.579866994569024
41.58126373822827
41.58266048188752
41.58405722554677
41.58545396920602
41.58685071286527
41.58824745652452
41.58964555142166
41.59104364648473
41.59244174156269
41.59383983664065
41.59523793171861
41.59663602679657
41.59803412187453
41.599432216952486
41.600830312030446
41.602228407108406
41.603626502186366
41.605024597264325
41.606422692342285
41.607820787420245
41.609218882498205
41.61061547413939
41.61201206570484
41.61340865728237
41.6148052488599
41.616201840437434
41.617598432014965
41.6189950235925
41.62039161517003
41.62178820674756
41.62318479832509
41.62458138990262
41.625977981480155
41.627374573057686
41.62877116463522
41.63016775621275
41.63156401286778
41.63296026952911
41.634356526193585
41.63575278285806
41.63714903952254
41.63854529618702
41.6399415528515
41.641337809515974
41.64273406618045
41.64413032284493
41.64552657950941
41.646922836173886
41.64831909283836
41.64971534950284
41.65111160616732
41.65250918068706
41.65390675504056
41.6553043295314
41.65670190393018
41.65809947832896
41.65949705272774
41.66089462712652
41.6622922015253
41.66368977592408
41.66508735032286
41.66648492472164
41.66788249912042
41.6692800735192
41.67067764791798
41.67207522231676
41.67347369995894
41.674872177682786
41.67627065514672
41.67766913261066
41.6790676100746
41.680466087538534
41.68186456500247
41.68326304246641
41.684661519930344
41.68605999739428
41.68745847485822
41.688856952322155
41.69025542978609
41.69165390725003
41.693052384713965
41.694450478718096
41.695848572831984
41.69724666655671
41.69864476043364
41.70004285431057
41.701440948187496
41.702839042064426
41.704237135941355
41.705635229818284
41.707033323695214
41.70843141757214
41.70982951144907
41.711227605326
41.71262569920293
41.71402379307986
