0.001392891961574732
0.0027857839730747024
0.001392891961574732
0.0027857839730747024
0.004178675854149173
0.005571567881444788
0.0069644599087404025
0.008357351789814872
0.009750243817110487
0.011143135844406103
0.012536027725480573
0.013928919752776188
0.015321811780071803
0.016714703661146274
0.01810759568844189
0.019500487715737504
0.020893379596811975
0.022286791453340483
0.02368020348444346
0.025073615544567922
0.026467027635222268
0.027860439725876613
0.02925385181653096
0.030647263907185304
0.03204067599783965
0.033434088088494
0.034827500179148346
0.036220912269802695
0.037614324360457044
0.03900773645111139
0.04040114854176574
0.04179456063242009
0.04318927876097819
0.04458399688767164
0.045978714985086995
0.047373433123843026
0.048768151145796274
0.05016286924698235
0.05155758738573838
0.05295230540769163
0.054347023508877705
0.055741741647633736
0.057136459669586984
0.05853117777077306
0.05992589590952909
0.06132061393148234
0.06271533203266841
0.0641105319233685
0.06550573208562162
0.06690093216694322
0.06829613219950152
0.06969133223205982
0.07108653226461813
0.07248173229717643
0.07387693232973473
0.07527213236229303
0.07666733239485134
0.07806253242740964
0.07945773245996794
0.08085293249252624
0.08224813252508455
0.08364333255764285
0.08504035705932965
0.08643738152653757
0.08783440606006462
0.08923143049587413
0.09062845493168364
0.09202547936749315
0.09342250380330266
0.09481952823911217
0.09621655267492168
0.0976135771107312
0.0990106015465407
0.10040762598235022
0.10180465041815973
0.10320167485396924
0.10459869928977875
0.10599551030358913
0.10739232154203648
0.10878913262888415
0.11018594376822917
0.11158275490757419
0.11297956604691921
0.11437637718626423
0.11577318832560925
0.11716999946495427
0.11856681060429929
0.1199636217436443
0.12136043288298932
0.12275724402233434
0.12415405516167936
0.12555086630102438
0.126946359718508
0.12834185302807
0.1297373465102889
0.13113284000460035
0.1325283334989118
0.13392382699322325
0.1353193204875347
0.13671481398184615
0.1381103074761576
0.13950580097046905
0.1409012944647805
0.14229678795909195
0.1436922814534034
0.14508777494771485
0.1464832684420263
0.14787999057656606
0.14927671275621274
0.15067343477446504
0.15207015695411205
0.15346687913375906
0.15486360131340607
0.15626032349305308
0.15765704567270009
0.1590537678523471
0.1604504900319941
0.1618472122116411
0.16324393439128812
0.16464065657093513
0.16603737875058214
0.16743410093022915
0.16882949422646035
0.17022488775105768
0.17162028103778282
0.1730156742989276
0.1744110675600724
0.1758064608212172
0.177201854082362
0.1785972473435068
0.1799926406046516
0.18138803386579638
0.18278342712694118
0.18417882038808597
0.18557421364923077
0.18696960691037556
0.18836500017152036
0.18976124798771254
0.1911574958826052
0.19255374372478679
0.19394999156696838
0.19534623940914997
0.19674248725133156
0.19813873509351315
0.19953498293569474
0.20093123077787634
0.20232747862005793
0.20372372646223952
0.2051199743044211
0.2065162221466027
0.2079124699887843
0.20930871783096588
0.21070352604271278
0.21209833424311753
0.21349314226619967
0.21488795070538033
0.216282759144561
0.21767756758374165
0.21907237602292232
0.22046718446210298
0.22186199290128364
0.2232568013404643
0.22465160977964496
0.22604641821882562
0.22744122665800628
0.22883603509718695
0.2302308435363676
0.23162739275873157
0.23302394198085133
0.2344204911090533
0.235817040303289
0.23721358949752472
0.23861013869176043
0.24000668788599613
0.24140323708023184
0.24279978627446755
0.24419633546870326
0.24559288466293897
0.24698943385717467
0.24838598305141038
0.2497825322456461
0.25117908143988177
0.2525741470815168
0.2539692126035188
0.2553642778902025
0.2567593434130768
0.25815440893595115
0.2595494744588255
0.2609445399816998
0.26233960550457414
0.26373467102744846
0.2651297365503228
0.2665248020731971
0.26791986759607145
0.2693149331189458
0.2707099986418201
0.27210506416469443
0.2735018361288526
0.27489860815959033
0.27629537998630255
0.2776921518963952
0.2790889238064878
0.28048569571658044
0.28188246762667307
0.2832792395367657
0.28467601144685833
0.28607278335695097
0.2874695552670436
0.28886632717713623
0.29026309908722886
0.2916598709973215
0.2930566429074141
0.29445481941310564
0.2958529958990227
0.29725117226278336
0.29864934870295984
0.3000475251431363
0.3014457015833128
0.3028438780234893
0.30424205446366576
0.30564023090384224
0.3070384073440187
0.3084365837841952
0.3098347602243717
0.31123293666454815
0.31263111310472463
0.3140292895449011
0.3154264293393993
0.31682356916802934
0.3182207090890162
0.319617849010003
0.32101498893098984
0.3224121288519767
0.3238092687729635
0.32520640869395034
0.3266035486149372
0.328000688535924
0.32939782845691085
0.3307949683778977
0.3321921082988845
0.33358924821987135
0.3349863881408582
0.33638474269177077
0.33778309703923526
0.33918145156939133
0.3405798059263225
0.3419781602832536
0.34337651464018476
0.3447748689971159
0.34617322335404704
0.3475715777109782
0.3489699320679093
0.35036828642484047
0.3517666407817716
0.35316499513870275
0.3545633494956339
0.35596170385256504
0.3573598073069286
0.3587579108638017
0.36015601445079115
0.36155411808529986
0.36295222171980857
0.3643503253543173
0.365748428988826
0.3671465326233347
0.3685446362578434
0.3699427398923521
0.3713408435268608
0.3727389471613695
0.3741370507958782
0.37553515443038693
0.37693325806489564
0.3783316942962153
0.37973013067928685
0.38112856714659826
0.38252700363102166
0.38392544011544505
0.38532387659986844
0.38672231308429184
0.38812074956871523
0.3895191860531386
0.390917622537562
0.3923160590219854
0.3937144955064088
0.3951129319908322
0.3965113684752556
0.397909804959679
0.39930751792678254
0.4007052310891628
0.4021029441200464
0.40350065715093
0.40489837018181357
0.40629608321269717
0.40769379624358076
0.40909150927446436
0.41048922230534796
0.41188693533623155
0.41328464836711515
0.41468236139799874
0.41608007442888234
0.41747778745976594
0.41887550049064953
0.4202741953960618
0.4216728904224339
0.42307158532461164
0.4244702802267894
0.42586897512896715
0.4272676700311449
0.42866636493332266
0.4300650598355004
0.4314637547376782
0.43286244963985593
0.4342611445420337
0.43565983944421144
0.4370585343463892
0.43845722924856695
0.4398559241507447
0.44125511183547556
0.4426542996815398
0.4440534872758525
0.44545267487016516
0.44685186246447783
0.4482510500587905
0.4496502376531032
0.45104942524741587
0.45244861284172855
0.4538478004360412
0.4552469880303539
0.4566461756246666
0.45804536321897926
0.45944455081329194
0.4608437384076046
0.4622423098710212
0.46364088159916034
0.46503945309280686
0.4664380245864534
0.4678365960800999
0.46923516757374645
0.470633739067393
0.4720323105610395
0.47343088205468603
0.47482945354833256
0.4762280250419791
0.4776265965356256
0.47902516802927214
0.48042373952291867
0.4818223110165652
0.48321906212498517
0.48461581329787307
0.4860125645760371
0.48740931584327596
0.48880606711051483
0.4902028183777537
0.4915995696449926
0.49299632091223144
0.4943930721794703
0.4957898234467092
0.49718657471394806
0.49858332598118693
0.4999800772484258
0.5013768285156647
0.5027735797829036
0.5041718591138316
0.505570138339224
0.5069684174935217
0.5083666965866694
0.5097649756798172
0.5111632547729649
0.5125615338661126
0.5139598129592603
0.515358092052408
0.5167563711455557
0.5181546502387034
0.5195529293318512
0.5209512084249989
0.5223494875181466
0.5237477666112943
0.525148339987677
0.5265489130937993
0.5279494862504973
0.5293500594653593
0.5307506326802213
0.5321512058950832
0.5335517791099452
0.5349523523248072
0.5363529255396692
0.5377534987545312
0.5391540719693931
0.5405546451842551
0.5419552183991171
0.5433557916139791
0.544756364828841
0.5461625969218253
0.5475688288711857
0.5489750611098911
0.550381293379001
0.5517875256481108
0.5531937579172207
0.5545999901863305
0.5560062224554404
0.5574124547245503
0.5588186869936601
0.56022491926277
0.5616311515318798
0.5630373838009897
0.5644436160700995
0.5658498483392094
0.5672543234503789
0.5686587984890965
0.5700632733798953
0.571467748270694
0.5728722231614928
0.5742766980522915
0.5756811729430903
0.577085647833889
0.5784901227246878
0.5798945976154866
0.5812990725062853
0.5827035473970841
0.5841080222878828
0.5855124971786816
0.5869169720694803
0.5883207526688388
0.5897245334259182
0.5911283140682587
0.5925320947105992
0.5939358753529397
0.5953396559952802
0.5967434366376206
0.5981472172799611
0.5995509979223016
0.6009547785646421
0.6023585592069826
0.603762339849323
0.6051661204916635
0.606569901134004
0.6079736817763445
0.6093792748699808
0.6107848681125192
0.6121904612965372
0.6135960544805552
0.6150016476645732
0.6164072408485912
0.6178128340326092
0.6192184272166272
0.6206240204006452
0.6220296135846632
0.6234352067686812
0.6248407999526993
0.6262463931367173
0.6276519863207353
0.6290575795047533
0.6304631330925586
0.6318686861964323
0.6332742395093798
0.6346797928223272
0.6360853461352747
0.6374908994482221
0.6388964527611696
0.640302006074117
0.6417075593870645
0.6431131127000119
0.6445186660129594
0.6459242193259068
0.6473297726388543
0.6487353259518017
0.6501408792647492
0.6515458109422305
0.6529507427277594
0.654355674457357
0.6557606061869545
0.6571655379165521
0.6585704696461496
0.6599754013757472
0.6613803331053447
0.6627852648349423
0.6641901965645398
0.6655951282941374
0.6670000600237349
0.6684049917533325
0.66980992348293
0.6712148552125276
0.6726201429348282
0.6740254303426221
0.6754307179471044
0.6768360054337114
0.6782412929203183
0.6796465804069253
0.6810518678935322
0.6824571553801392
0.6838624428667461
0.6852677303533531
0.68667301783996
0.688078305326567
0.689483592813174
0.6908888802997809
0.6922941677863879
0.6937001610189946
0.695106154510572
0.6965121477827949
0.6979181410857116
0.6993241343886283
0.700730127691545
0.7021361209944617
0.7035421142973783
0.704948107600295
0.7063541009032117
0.7077600942061284
0.7091660875090451
0.7105720808119618
0.7119780741148785
0.7133840674177951
0.7147891045648418
0.7161941416591949
0.7175991788657626
0.7190042161471701
0.7204092533957152
0.7218142903903284
0.7232193276717359
0.7246243649202809
0.7260294019148942
0.7274344391963017
0.7288394764448467
0.73024451343946
0.7316495507208675
0.7330545879694125
0.7344596249640257
0.7358644250362134
0.737269225238901
0.7386740255166546
0.7400788257193421
0.7414836259220297
0.7428884261247172
0.7442932263274047
0.7456980265300922
0.7471028267327797
0.7485076269354672
0.7499124271381548
0.7513172273408423
0.7527220275435298
0.7541268277462173
0.7555316279489048
0.7569365729483631
0.7583415179395969
0.7597464630722884
0.76115140820498
0.7625563533376715
0.763961298470363
0.7653662436030545
0.766771188735746
0.7681761338684375
0.769581079001129
0.7709860241338206
0.7723909692665121
0.7737959143992036
0.7752008595318951
0.7766058046645866
0.7780124538729912
0.7794191031979361
0.7808257526457603
0.7822324019427466
0.7836390512397329
0.7850457005367192
0.7864523498337055
0.7878589991306918
0.7892656484276781
0.7906722977246644
0.7920789470216507
0.793485596318637
0.7948922456156233
0.7962988949126096
0.7977055442095959
0.7991124308841361
0.8005193175771882
0.8019262041044272
0.8033330906881315
0.8047399772718359
0.8061468638555402
0.8075537504392446
0.808960637022949
0.8103675236066533
0.8117744101903577
0.813181296774062
0.8145881833577664
0.8159950699414708
0.8174019565251751
0.8188088431088795
0.8202123608360442
0.8216158786574507
0.8230193964154294
0.8244229141380183
0.8258264318606071
0.827229949583196
0.8286334673057848
0.8300369850283736
0.8314405027509625
0.8328440204735513
0.8342475381961402
0.835651055918729
0.8370545736413179
0.8384580913639067
0.8398616090864955
0.8412673645771189
0.8426731198228676
0.8440788753592938
0.84548463089572
0.8468903864321462
0.8482961419685724
0.8497018975049986
0.8511076530414248
0.852513408577851
0.8539191641142772
0.8553249196507033
0.8567306751871295
0.8581364307235557
0.8595421862599819
0.8609479417964081
0.8623529222810731
0.863757902535072
0.8651628828829354
0.8665678632307988
0.8679728435786622
0.8693778239265256
0.870782804274389
0.8721877846222524
0.8735927649701158
0.8749977453179792
0.8764027256658427
0.8778077060137061
0.8792126863615695
0.8806176667094329
0.8820226470572963
0.8834268447073252
0.8848310424089049
0.8862352399139898
0.8876394374190747
0.8890436349241596
0.8904478324292445
0.8918520299343294
0.8932562274394144
0.8946604249444993
0.8960646224495842
0.8974688199546691
0.898873017459754
0.9002772149648389
0.9016814124699238
0.9030856099750088
0.904489046215119
0.9058924823867665
0.9072959186196493
0.9086993549286377
0.9101027913596866
0.9115062277907355
0.9129096642217844
0.9143131006528333
0.9157165370838822
0.9171199735149311
0.91852340994598
0.9199268463770289
0.9213302828080778
0.9227337192391267
1.0268595741292361
1.1301124602929953
1.2333653463571517
1.3366182324182252
1.4398711184792987
1.5431240045403722
1.6463768906014458
1.7496297766625193
1.8528826627235928
1.9561355487846663
2.0593884348457396
2.162641320906813
2.2658942069678862
2.3691470930289595
2.472399979090033
2.575652865151106
2.6802764686668237
2.784900072216704
2.88952367555032
2.9941472788839363
3.0987708822175524
3.2033944855511685
3.3080180888847845
3.4126416922184006
3.5172652955520167
3.621888898885633
3.726512502219249
3.831136105552865
3.935759708886481
4.040383312220097
4.145006915553713
4.247516311374633
4.35002570727847
4.452535103119575
4.555044498971503
4.6575538948234305
4.760063290675358
4.862572686527286
4.9650820823792134
5.067591478231141
5.170100874083069
5.272610269934996
5.375119665786924
5.477629061638852
5.580138457490779
5.682647853342707
5.785076501731438
5.88750514996109
5.989933798400506
6.0923624468342155
6.194791095273632
6.297219743707341
6.399648392146758
6.502077040580467
6.604505689019883
6.706934337453593
6.809362985893009
6.911791634326718
7.014220282766135
7.116648931199844
7.2190775796392606
7.32336819279118
7.4276588056501405
7.5319494184806635
7.6362400313111864
7.740530644141709
7.844821256972232
7.949111869802755
8.05340248263328
8.157693095463802
8.261983708294325
8.366274321124848
8.470564933955371
8.574855546785894
8.679146159616417
8.78343677244694
8.891034226176322
8.998631680101104
9.106229133861529
9.213826587727144
9.32142404148757
9.429021495353185
9.53661894911361
9.644216402979225
9.75181385673965
9.859411310605266
9.96700876436569
10.074606218231306
10.182203671991731
10.289801125857347
10.397398579617771
10.500959634308936
10.604520688933038
10.708081743737607
10.811642798542175
10.915203853346744
11.018764908151313
11.122325962955882
11.225887017760451
11.32944807256502
11.433009127369589
11.536570182174158
11.640131236978727
11.743692291783296
11.847253346587864
11.950814401392433
12.058359917921113
12.165905434583468
12.273450951117123
12.38099646765921
12.488541984243307
12.596087500974159
12.703633017516246
12.811178534100343
12.918724050831194
13.026269567373282
13.133815083957378
13.24136060068823
13.348906117230317
13.456451633814414
13.563997150545266
13.668059458490005
13.77212176650491
13.876184074313743
13.980246382122576
14.08430868993141
14.188370997740243
14.292433305549077
14.39649561335791
14.500557921166743
14.604620228975577
14.70868253678441
14.812744844593244
14.916807152402077
15.02086946021091
15.124931768019744
15.229048235772789
15.333164703639428
15.437281171632899
15.541397639267862
15.645514107261333
15.749630575254804
15.853747042889767
15.957863510883238
16.061979978876707
16.16609644651167
16.27021291450514
16.374329382498612
16.478445850133575
16.582562318127046
16.686678786120517
16.79426648146646
16.901854176997222
17.009441872458783
17.117029567920344
17.224617263381905
17.332204958843466
17.439792654305027
17.547380349766588
17.65496804522815
17.76255574068971
17.87014343615127
17.97773113161283
18.085318827074392
18.192906522535953
18.300494217997514
18.40789208521239
18.515289952413625
18.622687819529357
18.730085686738658
18.83748355385439
18.94488142106369
19.052279288179424
19.159677155388724
19.267075022504457
19.374472889713758
19.48187075682949
19.58926862403879
19.696666491154524
19.804064358363824
19.911462225479557
20.016026469833694
20.120590714336345
20.225154958850222
20.32971920329696
20.4342834477437
20.538847692190437
20.643411936637175
20.747976181083914
20.852540425530652
20.95710466997739
21.06166891442413
21.166233158870867
21.270797403317605
21.375361647764343
21.47992589221108
21.584118160701518
21.688310429100344
21.79250269754314
21.896694965985933
22.000887234428728
22.105079502871522
22.209271771314317
22.31346403975711
22.417656308199906
22.5218485766427
22.626040845085495
22.73023311352829
22.834425381971084
22.938617650413878
23.042809918856673
23.147617586462836
23.25242525393183
23.357232921438765
23.4620405889457
23.566848256452637
23.671655923959573
23.77646359146651
23.881271258973445
23.98607892648038
24.090886593987317
24.195694261494253
24.30050192900119
24.405309596508125
24.51011726401506
24.614924931521998
24.718481715701053
24.82203849990081
24.925595284077097
25.029152068253385
25.132708852429673
25.23626563660596
25.339822420782248
25.443379204958536
25.546935989134823
25.65049277331111
25.7540495574874
25.857606341663686
25.961163125839974
26.06471991001626
26.16827669419255
26.272333002744638
26.37638931126385
26.48044561975015
26.58450192823645
26.68855823672275
26.792614545209048
26.896670853695348
27.000727162181647
27.104783470667947
27.208839779154246
27.312896087640546
27.416952396126845
27.521008704613145
27.625065013099444
27.729121321585744
27.833192559910955
27.937263798211543
28.04133503653247
28.145406275040337
28.249477513548204
28.35354875205607
28.457619990563938
28.561691229071805
28.665762467579672
28.76983370608754
28.873904944595406
28.977976183103273
29.08204742161114
29.186118660119007
29.290189898626874
29.39438998210826
29.49859006567573
29.602790149356032
29.706990233036333
29.811190316716633
29.915390400396934
30.019590484077234
30.123790567757535
30.227990651437835
30.332190735118136
30.436390818798436
30.540590902478737
30.644790986159038
30.748991069839338
30.85319115351964
30.957318942241184
31.06144673109733
31.165574519953477
31.269702308809624
31.37383009766577
31.477957886521917
31.582085675378064
31.68621346423421
31.790341253090357
31.894469041946504
31.99859683080265
32.102724619658794
32.20685240851494
32.31098019737109
32.415107986227234
32.5182982005115
32.62148841475097
32.724678628990695
32.82786884325178
32.9310590574915
33.034249271752586
33.13743948599231
33.24062970025339
33.34381991449312
33.4470101287542
33.550200342993925
33.65339055725501
33.75658077149473
33.859770985755816
33.96296119999554
34.06533506572053
34.16770893155739
34.270082797445056
34.37245666320688
34.47483052909455
34.57720439485637
34.67957826074404
34.781952126505864
34.88432599239353
34.986699858155355
35.08907372404302
35.191447589804845
35.29382145569251
35.396195321454336
35.498569187342
35.499970772631784
35.50137235783982
35.50277394320849
35.50417552855282
35.505577113897154
35.506978699241486
35.50838028458582
35.50978186993015
35.511183455274484
35.512585040618816
35.51398662596315
35.51538821130748
35.516789796651814
35.51819138199615
35.51959296734048
35.52099492649293
35.52239688545921
35.52379884453273
35.52520080340365
35.52660276227457
35.52800472114549
35.529406680016415
35.530808638887336
35.53221059775826
35.53361255662918
35.5350145155001
35.53641647437102
35.537818433241945
35.53922039211287
35.54062235098379
35.54202312836615
35.543423905799024
35.544824683357426
35.54622546091583
35.54762623847423
35.54902701603263
35.550427793591034
35.551828571149436
35.55322934870784
35.55463012626624
35.55603090382464
35.557431681383044
35.558832458941446
35.56023323649985
35.56163401405825
35.56303417097179
35.56443432792961
35.565834484856246
35.56723464178288
35.56863479870952
35.57003495563615
35.57143511256279
35.572835269489424
35.57423542641606
35.575635583342695
35.57703574026933
35.578435897195966
35.5798360541226
35.58123621104924
35.58263157424086
35.58402726232621
35.58542295067421
35.5868186387851
35.58821432712056
35.589610015456024
35.59100570379149
35.59240139212695
35.593797080462416
35.59519276879788
35.59658845713334
35.59798414546881
35.59937983380427
35.600775522139735
35.6021712104752
35.60356689881066
35.60496204780804
35.60635719669416
35.607752345485316
35.60914749433735
35.61054264318938
35.61193779204142
35.61333294089345
35.61472808974548
35.61612323859752
35.61751838744955
35.618913536301584
35.62030868515362
35.62170383400565
35.623098982857684
35.62449413170972
35.62589034956624
35.62728656743351
35.628682785492394
35.630079003348634
35.63147522120487
35.63287143906111
35.63426765691735
35.63566387477359
35.63706009262983
35.63845631048607
35.63985252834231
35.64124874619855
35.64264496405479
35.64404118191103
35.64543739976727
35.64682865340633
35.648219907079515
35.64961116070879
35.651002414359084
35.65239366821148
35.653784921858424
35.65517617550872
35.65656742936112
35.65795868300806
35.65934993665836
35.660741190510755
35.6621324441577
35.663523697807996
35.66491495166039
35.666306205307336
35.667698517573484
35.66909082990329
35.67048314223062
35.671875454497425
35.673267766764226
35.67466007903103
35.67605239129783
35.67744470356463
35.678837015831434
35.680229328098235
35.68162164036504
35.68301395263184
35.68440626489864
35.68579857716544
35.687190889432244
35.68857869138892
35.689966493497046
35.69135429545163
35.69274209740622
35.6941298993608
35.69551770131539
35.696905503269974
35.69829330522456
35.699681107179146
35.70106890913373
35.70245671108832
35.7038445130429
35.70523231499749
35.706620116952074
35.70800791890666
35.70939787108467
35.71078782355219
35.71217777593329
35.713567728314395
35.7149576806955
35.7163476330766
35.717737585457705
35.71912753783881
35.72051749021991
35.721907442601015
35.72329739498212
35.72468734736322
35.726077299744325
35.72746725212543
35.72885720450653
35.73024710991794
35.731637015074824
35.73302692019736
35.734416825432625
35.73580673066789
35.73719663590315
35.73858654113842
35.73997644637368
35.741366351608946
35.74275625684421
35.744146162079474
35.74553606731474
35.74692597255
35.74831587778527
35.74970578302053
35.751092751649004
35.75247972022668
35.75386668880033
35.75525365737398
35.756640625947625
35.75802759452127
35.75941456309492
35.76080153166857
35.76218850024222
35.763575468815866
35.764962437389514
35.76634940596316
35.76773637453681
35.76912334311046
35.770510311684106
35.77189756597803
35.77328482031278
35.774672074587635
35.77605932886249
35.77744658313734
35.77883383741219
35.78022109168705
35.7816083459619
35.78299560023675
35.784382854511605
35.78577010878646
35.78715736306131
35.788544617336164
35.78993187161102
35.79131912588587
35.79270654397901
35.79409396210521
35.79548138026072
35.79686879841623
35.79825621657174
35.799643634727246
35.801031052882756
35.802418471038266
35.803805889193775
35.805193307349285
35.806580725504794
35.807968143660304
35.80935556181581
35.81074297997132
35.81213039812683
35.81351857288411
35.81490674743434
35.816294921818
35.81768309633926
35.819071270927694
35.82045944555037
35.82184762002759
35.8232357944638
35.82462396902575
35.826012143614186
35.82740031823686
35.82878849271408
35.83017666715029
35.83156484171224
35.83295301630068
35.834341469436644
35.83572992276135
35.83711837602729
35.83850682929323
35.83989528255917
35.84128373582511
35.84267218909105
35.844060642356986
35.845449095622925
35.846837548888864
35.8482260021548
35.84961445542074
35.85100290868668
35.85239136195262
35.85377981521856
35.855168022385065
35.85655622949677
35.85794443659767
35.859332643757305
35.860720850827555
35.86210905792846
35.86349726508809
35.86488547215834
35.866273679259244
35.86766188641888
35.86905009348913
35.87043830059003
35.87182650774967
35.873214714819916
35.87460292192082
35.87599075722216
35.87737859261877
35.87876642794893
35.880154263204446
35.88154209845996
35.882929933715474
35.88431776897099
35.8857056042265
35.887093439482015
35.88848127473753
35.88986910999304
35.89125694524856
35.89264478050407
35.894032615759585
35.8954204510151
35.89681169125932
35.898202931218094
35.89959417121457
35.90098541121104
35.90237665120751
35.903767891203984
35.905159131200456
35.90655037119693
35.9079416111934
35.90933285118987
35.910724091186346
35.91211533118282
35.91350657117929
35.91489781117576
35.916289051172235
35.917677407471565
35.91906576373954
35.920454120014654
35.92184247628977
35.92323083256488
35.92461918884
35.92600754511511
35.92739590139023
35.92878425766534
35.93017261394046
35.93156097021557
35.932949326490686
35.9343376827658
35.935726039040915
35.93711439531603
35.93850138372398
35.93988837215403
35.94127536059469
35.94266234894254
35.944049337290394
35.94543632563825
35.9468233139861
35.948210302333955
35.94959729068181
35.95098427902966
35.952371267377515
35.95375825572537
35.95514524407322
35.956532232421075
35.95791922076893
35.95931030767575
35.96070139461562
35.9620924817459
35.96348356887618
35.96487465600646
35.96626574313674
35.96765683026702
35.9690479173973
35.97043900452758
35.97183009165786
35.97322117878814
35.97461226591842
35.9760033530487
35.977394440178976
35.978785527309256
35.98017409771085
35.98156266842412
35.982951238801576
35.98433980935683
35.98572837991209
35.987116950467346
35.9885055210226
35.98989409157786
35.991282662133116
35.99267123268837
35.99405980324363
35.99544837379889
35.99683694435414
35.9982255149094
35.99961408546466
36.001004387412635
36.002394689343674
36.00378499132001
36.00517529329635
36.00656559527268
36.00795589724902
36.009346199225355
36.01073650120169
36.01212680317803
36.013517105154364
36.0149074071307
36.016297709107036
36.01768801108337
36.01907831305971
36.020468615036044
36.02185699016913
36.02324536543872
36.02463374051399
36.026022115589264
36.027410490664536
36.02879886573981
36.03018724081508
36.031575615890354
36.03296399096563
36.0343523660409
36.03574074111617
36.037129116191444
36.03851749126672
36.03990586634199
36.04129424141726
36.04268218634345
36.04407013133627
36.04545807628024
36.04684602122421
36.04823396616818
36.049621911112155
36.051009856056126
36.0523978010001
36.05378574594407
36.05517369088804
36.05656163583201
36.05794958077598
36.059337525719954
36.060725470663925
36.0621134156079
36.06350305041009
36.064892685306766
36.06628231996144
36.06767195493277
36.0690615899041
36.070451224875434
36.071840859846766
36.0732304948181
36.07462012978943
36.07600976476076
36.077399399732094
36.078789034703426
36.08017866967476
36.08156830464609
36.08295793961742
36.084348731628225
36.08573952366573
36.08713031579986
36.08852110793399
36.089911900068124
36.091302692202255
36.09269348433639
36.09408427647052
36.09547506860465
36.09686586073878
36.09825665287291
36.099647445007044
36.101038237141175
36.10242902927531
36.10381982140944
36.10521012172652
36.10660042198607
36.10799072225548
36.10938102281681
36.110771323378145
36.11216162393948
36.11355192450081
36.114942225062144
36.11633252562348
36.11772282618481
36.11911312674614
36.120503427307476
36.12189372786881
36.12328402843014
36.124674328991475
