0.001385800940536946
0.0027716018369244653
0.004157402855064955
0.005543203962658115
0.006929004828524009
0.008314805846664499
0.00970060695425766
0.011086407820123554
0.012472208838264044
0.013858009945857204
0.015243810811723098
0.016629611829863587
0.018015412937456746
0.01940121380332264
0.02078701482146313
0.02217343808888992
0.02355986093298567
0.024946283959166513
0.026332706976368907
0.0277191299935713
0.029105553010773694
0.030491976027976087
0.03187839904517848
0.03326482206238087
0.03465124507958326
0.03603766809678565
0.03742409111398804
0.03881051413119043
0.04019693714839282
0.04158336016559521
0.04297134384397203
0.04435932749071243
0.04574731094660745
0.04713529456409616
0.04852327795367242
0.049911261601785994
0.0512992452192747
0.052687228608850965
0.05407521225696454
0.055463195874453246
0.05685117926402951
0.05823916291214308
0.05962714652963179
0.06101512991920805
0.06240311356732162
0.0637916725832511
0.06518023163760521
0.06656879056844921
0.06795734944252968
0.06934590831661015
0.07073446719069063
0.0721230260647711
0.07351158493885157
0.07490014381293204
0.07628870268701252
0.07767726156109299
0.07906582043517346
0.08045437930925393
0.08184293818333441
0.08323149705741488
0.08462223530228448
0.0860129734482904
0.08740371161725449
0.08879444976123715
0.09018518790521982
0.09157592604920248
0.09296666419318514
0.0943574023371678
0.09574814048115046
0.09713887862513312
0.09852961676911579
0.09992035491309845
0.10131109305708111
0.10270183120106377
0.10409256934504643
0.10548305252795706
0.1068735356451275
0.10826401879575957
0.10965450192495575
0.11104498505415193
0.11243546818334811
0.11382595131254429
0.11521643444174047
0.11660691757093665
0.11799740070013283
0.11938788382932901
0.12077836695852519
0.12216885008772137
0.12355933321691755
0.12494981634611373
0.1263387254613583
0.12772763485219019
0.12911654414721077
0.1305054535145666
0.13189436288192244
0.13328327224927827
0.1346721816166341
0.13606109098398994
0.13745000035134577
0.1388389097187016
0.14022781908605744
0.14161672845341328
0.1430056378207691
0.14439454718812494
0.14578345655548078
0.14717383342276233
0.14856421024581606
0.14995458719948176
0.15134496399293126
0.15273534078638076
0.15412571757983026
0.15551609437327976
0.15690647116672926
0.15829684796017876
0.15968722475362826
0.16107760154707776
0.16246797834052726
0.16385835513397676
0.16524873192742626
0.16663910872087576
0.16802789851545244
0.16941668830556805
0.17080547812947308
0.17219426818858513
0.17358305824769718
0.17497184830680923
0.17636063836592128
0.17774942842503333
0.17913821848414538
0.18052700854325743
0.18191579860236948
0.18330458866148153
0.18469337872059358
0.18608216877970563
0.18747095883881768
0.18886076918569752
0.1902505795797365
0.191640389752135
0.19303019992453346
0.19442001009693194
0.19580982026933041
0.1971996304417289
0.19858944061412737
0.19997925078652584
0.20136906095892432
0.2027588711313228
0.20414868130372127
0.20553849147611974
0.20692830164851822
0.2083181118209167
0.2097062028195807
0.21109429388846473
0.21248238491227317
0.21387047597765851
0.21525856704304386
0.2166466581084292
0.21803474917381455
0.2194228402391999
0.22081093130458523
0.22219902236997058
0.22358711343535592
0.22497520450074127
0.2263632955661266
0.22775138663151195
0.2291394776968973
0.23052964799450928
0.2319198184624554
0.23330998862831165
0.23470015883977818
0.23609032905124472
0.23748049926271125
0.2388706694741778
0.24026083968564432
0.24165100989711086
0.2430411801085774
0.24443135032004393
0.24582152053151046
0.247211690742977
0.24860186095444353
0.24999203116591007
0.2513804293762974
0.25276882775291837
0.25415722616990627
0.25554562458689417
0.2569340230038821
0.25832242142087
0.2597108198378579
0.2610992182548458
0.2624876166718337
0.2638760150888216
0.2652644135058095
0.2666528119227974
0.2680412103397853
0.2694296087567732
0.2708180071737611
0.2722084435115172
0.27359887974979463
0.2749893159473691
0.2763797523092997
0.27777018867123027
0.27916062503316086
0.28055106139509145
0.28194149775702204
0.28333193411895263
0.2847223704808832
0.2861128068428138
0.2875032432047444
0.288893679566675
0.2902841159286056
0.2916745522905362
0.29306666700792827
0.2944587818785519
0.29585089648971025
0.2972430111976189
0.2986351259055276
0.3000272406134363
0.30141935532134495
0.3028114700292536
0.3042035847371623
0.305595699445071
0.30698781415297965
0.30837992886088833
0.309772043568797
0.3111641582767057
0.31255627298461436
0.3139471491049677
0.3153380249431928
0.31672890089390426
0.31811977684461573
0.3195106527953272
0.32090152874603867
0.32229240469675013
0.3236832806474616
0.32507415659817307
0.32646503254888454
0.327855908499596
0.3292467844503075
0.33063766040101894
0.3320285363517304
0.3334194123024419
0.3348117397762297
0.3362040673764801
0.3375963949095917
0.33898872232747607
0.34038104974536043
0.3417733771632448
0.34316570458112916
0.3445580319990135
0.3459503594168979
0.34734268683478225
0.3487350142526666
0.350127341670551
0.35151966908843535
0.3529119965063197
0.3543043239242041
0.3556963515505369
0.35708837911295366
0.35848040672799864
0.3598724345059216
0.36126446228384457
0.36265649006176753
0.3640485178396905
0.36544054561761347
0.36683257339553643
0.3682246011734594
0.36961662895138236
0.37100865672930533
0.3724006845072283
0.37379271228515126
0.37518474006307423
0.3765771657712085
0.37796959115132334
0.3793620166843026
0.38075444203385816
0.38214686738341375
0.38353929273296933
0.3849317180825249
0.3863241434320805
0.3877165687816361
0.38910899413119165
0.39050141948074724
0.3918938448303028
0.3932862701798584
0.394678695529414
0.39607112087896956
0.3974626819169285
0.39885424301652095
0.40024580401985516
0.40163736502318936
0.40302892602652357
0.4044204870298578
0.405812048033192
0.4072036090365262
0.4085951700398604
0.4099867310431946
0.4113782920465288
0.412769853049863
0.41416141405319723
0.41555297505653144
0.41694453605986564
0.41833727074030086
0.419730005169974
0.4211227397076959
0.42251547424541785
0.4239082087831398
0.4253009433208617
0.42669367785858364
0.42808641239630557
0.4294791469340275
0.43087188147174943
0.43226461600947136
0.4336573505471933
0.4350500850849152
0.43644281962263715
0.4378355541603591
0.439228877981811
0.44062220191375007
0.44201552570816127
0.4434088495025725
0.4448021732969837
0.4461954970913949
0.4475888208858061
0.4489821446802173
0.4503754684746285
0.4517687922690397
0.4531621160634509
0.4545554398578621
0.4559487636522733
0.45734208744668453
0.45873541124109574
0.4601279982832212
0.46152058551174685
0.4629131725225133
0.4643057598040319
0.46569834708555047
0.46709093436706905
0.46848352164858764
0.46987610893010623
0.4712686962116248
0.4726612834931434
0.474053870774662
0.4754464580561806
0.47683904533769916
0.47823163261921775
0.47962421990073634
0.4810146314094659
0.4824050429495185
0.48379545426717047
0.4851858657467004
0.48657627722623037
0.4879666887057603
0.4893571001852903
0.4907475116648202
0.4921379231443502
0.4935283346238801
0.4949187461034101
0.49630915758294003
0.49769956906247
0.49908998054199993
0.5004803920215299
0.5018726297413616
0.5032648674158564
0.5046571050032941
0.5060493425556827
0.5074415801080713
0.5088338176604599
0.5102260552128485
0.5116182927652371
0.5130105303176257
0.5144027678700143
0.5157950054224029
0.5171872429747915
0.5185794805271801
0.5199717180795687
0.5213639556319573
0.5227589364897536
0.5241539173911729
0.5255488983907185
0.5269438791847147
0.528338859978711
0.5297338407727072
0.5311288215667035
0.5325238023606997
0.533918783154696
0.5353137639486922
0.5367087447426885
0.5381037255366847
0.539498706330681
0.5408936871246772
0.5422886679186735
0.5436912938768808
0.545093919596461
0.5464965453048211
0.5478991711383984
0.5493017969719757
0.550704422805553
0.5521070486391303
0.5535096744727076
0.5549123003062849
0.5563149261398622
0.5577175519734395
0.5591201778070168
0.5605228036405941
0.5619254294741715
0.5633280553077488
0.5647285757029356
0.5661290962579693
0.5675296168135125
0.5689301373690558
0.5703306579245991
0.5717311784801424
0.5731316990356857
0.574532219591229
0.5759327401467723
0.5773332607023156
0.5787337812578589
0.5801343018134022
0.5815348223689455
0.5829353429244888
0.5843358634800321
0.5857355524873322
0.5871352412876554
0.5885349299473773
0.5899346186070993
0.5913343072668212
0.5927339959265432
0.5941336845862651
0.5955333732459871
0.596933061905709
0.598332750565431
0.599732439225153
0.6011321278848749
0.6025318165445969
0.6039315052043188
0.6053311938640408
0.6067330537721862
0.6081349137830719
0.6095367738233749
0.6109386338636779
0.6123404939039808
0.6137423539442838
0.6151442139845867
0.6165460740248897
0.6179479340651927
0.6193497941054956
0.6207516541457986
0.6221535141861015
0.6235553742264045
0.6249572342667075
0.6263590943070104
0.6277609064068246
0.6291627184588361
0.6305645306385983
0.6319663428183605
0.6333681549981227
0.6347699671778849
0.6361717793576471
0.6375735915374093
0.6389754037171715
0.6403772158969337
0.641779028076696
0.6431808402564582
0.6445826524362204
0.6459844646159826
0.6473862767957448
0.6487873442114174
0.6501884115470549
0.6515894790415853
0.6529905465361157
0.654391614030646
0.6557926815251764
0.6571937490197068
0.6585948165142372
0.6599958840087676
0.661396951503298
0.6627980189978284
0.6641990864923588
0.6656001539868892
0.6670012214814196
0.66840228897595
0.6698037829189623
0.6712052769071954
0.6726067708007045
0.6740082646251359
0.6754097584495672
0.6768112522739985
0.6782127460984299
0.6796142399228612
0.6810157337472925
0.6824172275717239
0.6838187213961552
0.6852202152205865
0.6866217090450178
0.6880232028694492
0.6894246966938805
0.6908270361065095
0.6922293756109892
0.693631714930052
0.6950340542164338
0.6964363935028156
0.6978387327891974
0.6992410720755792
0.700643411361961
0.7020457506483427
0.7034480899347245
0.7048504292211063
0.7062527685074881
0.7076551077938699
0.7090574470802516
0.7104597863666334
0.7118609801044063
0.7132621738941008
0.7146633675896084
0.7160645613081317
0.7174657548395689
0.7188669486370327
0.720268142355556
0.7216693358869932
0.7230705296844571
0.7244717234029804
0.7258729169344176
0.7272741107318814
0.7286753044504047
0.7300764979818419
0.7314776917793058
0.7328786015725024
0.7342795114655434
0.7356804213391145
0.7370813312630697
0.738482241187025
0.7398831511109802
0.7412840610349355
0.7426849709588907
0.744085880882846
0.7454867908068012
0.7468877007307565
0.7482886106547117
0.749689520578667
0.7510904305026223
0.7524913404265775
0.753892424005761
0.7552935073761411
0.7566945908436064
0.7580956743110716
0.7594967577785369
0.7608978412460021
0.7622989247134674
0.7637000081809326
0.7651010916483979
0.7665021751158632
0.7679032585833284
0.7693043420507937
0.7707054255182589
0.7721065089857242
0.7735075924531895
0.7749107182012196
0.7763138440066382
0.7777169696669394
0.7791200953213657
0.7805232209757921
0.7819263466302184
0.7833294722846448
0.7847325979390711
0.7861357235934975
0.7875388492479238
0.7889419749023502
0.7903451005567765
0.7917482262112029
0.7931513518656292
0.7945544775200556
0.7959578878010957
0.7973612980214524
0.7987647083349068
0.800168118594643
0.8015715288543792
0.8029749391141154
0.8043783493738517
0.8057817596335879
0.8071851698933241
0.8085885801530603
0.8099919904127966
0.8113954006725328
0.812798810932269
0.8142022211920052
0.8156056314517415
0.8170050054378211
0.818404379232278
0.8198037533033277
0.8212031274197971
0.8226025015362665
0.8240018756527359
0.8254012497692053
0.8268006238856747
0.828199998002144
0.8295993721186135
0.8309987462350829
0.8323981203515523
0.8337974944680216
0.835196868584491
0.8365962427009604
0.8379982972826854
0.8394003516759215
0.8408024060605801
0.8422044604452387
0.8436065148298972
0.8450085692145558
0.8464106235992144
0.8478126779838729
0.8492147323685315
0.8506167867531901
0.8520188411378486
0.8534208955225072
0.8548229499071658
0.8562250042918244
0.8576270586764829
0.8590281844530374
0.8604293100954372
0.861830435801034
0.8632315615066308
0.8646326872122276
0.8660338129178244
0.8674349386234212
0.868836064329018
0.8702371900346149
0.8716383157402117
0.8730394414458085
0.8744405671514053
0.8758416928570021
0.8772428185625989
0.8786439442681957
0.8800441322431871
0.8814443201570274
0.8828445080433924
0.8842446959297574
0.8856448838161224
0.8870450717024874
0.8884452595888523
0.8898454474752173
0.8912456353615823
0.8926458232479473
0.8940460111343123
0.8954461990206772
0.8968463869070422
0.8982465747934072
0.8996467626797722
0.9010460390355834
0.9024453153862907
0.9038445916090762
0.9052438678531289
0.9066431441992937
0.9080424205454585
0.9094416968916232
0.910840973237788
0.9122402495839528
0.9136395259301175
0.9150388022762823
0.9164380786224471
0.9178373549686119
0.9192366313147766
0.9822195498776495
1.0437579471739094
1.1052963444932553
1.1668347417297842
1.228373138966313
1.289911536202842
1.3514499334393708
1.4129883306758997
1.4745267279124286
1.5360651251489574
1.5976035223854863
1.6591419196220152
1.720680316858544
1.782218714095073
1.8437571113316018
1.9052955085681307
1.9691869389955332
2.0330783695211037
2.0969698000062755
2.1608612304914474
2.2247526609766193
2.288644091461791
2.352535521946963
2.416426952432135
2.4803183829173068
2.5442098134024786
2.6081012438876505
2.6719926743728224
2.7358841048579943
2.799775535343166
2.863666965828338
2.9240266741928327
2.98438638248592
3.0447460908126804
3.1051057991802646
3.165465507547849
3.225825215915433
3.2861849242830172
3.3465446326506014
3.4069043410181856
3.46726404938577
3.527623757753354
3.587983466120938
3.6483431744885224
3.7087028828561066
3.769062591223691
3.829308803472199
3.8895550155567897
3.949801227879747
4.010047440225336
4.070293652548294
4.130539864893883
4.190786077216841
4.25103228956243
4.311278501885388
4.371524714230977
4.431770926553935
4.4920171388995245
4.552263351222482
4.6125095635680715
4.672755775891029
4.735922076480655
4.79908837699411
4.86225467745914
4.925420977924171
4.988587278389201
5.051753578854232
5.114919879319262
5.178086179784293
5.241252480249323
5.304418780714354
5.367585081179384
5.430751381644415
5.493917682109445
5.5570839825744756
5.620250283039506
5.682535093417088
5.744819903928722
5.807104714378149
5.869389524827577
5.9316743352770045
5.993959145726432
6.05624395617586
6.118528766625287
6.180813577074715
6.243098387524142
6.30538319797357
6.3676680084229975
6.429952818872425
6.492237629321853
6.55452243977128
6.616497118390354
6.6784717969035
6.740446475571547
6.802421154239594
6.8643958329076415
6.926370511575689
6.988345190243736
7.050319868911783
7.112294547579831
7.174269226247878
7.236243904915925
7.298218583583973
7.36019326225202
7.422167940920067
7.484142619588114
7.546073492679448
7.608004365933712
7.669935239080131
7.731866112191268
7.793796985326824
7.855727858448628
7.917658731559764
7.97958960469532
8.041520477817125
8.103451350928262
8.16538222406382
8.227313097185624
8.289243970296761
8.351174843432318
8.413105716554123
8.476083238352743
8.53906076014181
8.602038281891287
8.665015803640765
8.727993325390242
8.79097084713972
8.853948368889197
8.916925890638675
8.979903412388152
9.04288093413763
9.105858455887107
9.168835977636585
9.231813499386062
9.29479102113554
9.357768542885017
9.420834726671039
9.483900910572844
9.546967094454246
9.610033278427382
9.673099462308784
9.736165646190186
9.799231830163322
9.862298014044724
9.925364197926125
9.988430381899262
10.051496565780663
10.114562749662065
10.177628933635201
10.240695117516603
10.303761301398005
10.36597969515273
10.42819808901601
10.490416482832357
10.552634876648703
10.61485327046505
10.677071664281396
10.739290058097742
10.801508451914088
10.863726845730435
10.925945239546781
10.988163633363127
11.050382027179474
11.11260042099582
11.174818814812166
11.237037208628513
11.301933848693904
11.36683048878734
11.431727128964376
11.496623769173606
11.561520409350642
11.626417049559873
11.691313689736909
11.75621032994614
11.821106970123175
11.886003610332406
11.950900250509441
12.015796890718672
12.080693530895708
12.145590171104939
12.210486811281974
12.274280816653109
12.338074822041843
12.401868827436626
12.465662832735457
12.529456838034289
12.59325084333312
12.657044848631951
12.720838853930783
12.784632859229614
12.848426864528445
12.912220869827276
12.976014875126108
13.039808880424939
13.10360288572377
13.167396891022602
13.230400062894343
13.293403234716262
13.356406406660806
13.41940957860535
13.482412750549894
13.545415922494438
13.608419094438982
13.671422266383527
13.73442543832807
13.797428610272615
13.860431782217159
13.923434954161703
13.986438126106247
14.049441298050791
14.112444469995335
14.176638087677869
14.240831705489697
14.305025323139017
14.369218940788336
14.433412558437656
14.497606176086975
14.561799793736295
14.625993411385615
14.690187029034934
14.754380646684254
14.818574264333574
14.882767881982893
14.946961499632213
15.011155117281533
15.075348734930852
15.137317370025977
15.199286005124208
15.261254640139306
15.323223275154405
15.385191910169503
15.447160545184602
15.5091291801997
15.571097815214799
15.633066450229897
15.695035085244996
15.757003720260094
15.818972355275193
15.880940990290291
15.94290962530539
16.00487826032049
16.067845960181188
16.130813660052077
16.193781359946925
16.256749059841773
16.31971675973662
16.38268445963147
16.44565215952632
16.508619859421167
16.571587559316015
16.634555259210863
16.69752295910571
16.76049065900056
16.823458358895408
16.886426058790256
16.949393758685105
17.012385900860615
17.075378042984397
17.138370185080696
17.201362327224547
17.2643544693684
17.32734661151225
17.390338753656103
17.453330895799954
17.516323037943806
17.579315180087658
17.64230732223151
17.70529946437536
17.768291606519213
17.831283748663065
17.894275890806917
17.95729201306327
18.020308135346074
18.083324257535907
18.14634037972574
18.209356501915572
18.272372624105405
18.335388746295237
18.39840486848507
18.461420990674902
18.524437112864735
18.587453235054568
18.6504693572444
18.713485479434233
18.776501601624066
18.8395177238139
18.90250386170876
18.9654899998094
19.02847613791004
19.09146227601068
19.15444841411132
19.217434552211962
19.280420690312603
19.343406828413244
19.406392966513884
19.469379104614525
19.532365242715166
19.595351380815806
19.658337518916447
19.721323657017088
19.78430979511773
19.84575942734129
19.907209059628613
19.9686586918707
20.030108324203695
20.091557956445783
20.153007588778777
20.214457221020865
20.27590685335386
20.337356485595947
20.39880611792894
20.46025575017103
20.521705382504024
20.58315501474611
20.644604647079106
20.706054279321194
20.76622279311791
20.82639130694813
20.88655982073923
20.946728334547544
21.006896848338645
21.06706536214696
21.12723387593806
21.187402389746374
21.247570903537476
21.30773941734579
21.36790793113689
21.428076444945205
21.488244958736306
21.54841347254462
21.60858198633572
21.60997904665285
21.61137610748731
21.612773168055075
21.614170228856267
21.61556728965746
21.61696435045865
21.618361411259844
21.619758472061037
21.62115553286223
21.62255259366342
21.623949654464614
21.625346715265806
21.626743776067
21.62814083686819
21.629537897669383
21.630935405831636
21.632332914047492
21.633730422051364
21.635127930055237
21.63652543805911
21.637922946062982
21.639320454066855
21.640717962070728
21.6421154700746
21.643512978078473
21.644910486082345
21.646307994086218
21.64770550209009
21.649103010093963
21.650500518097836
21.651896612463084
21.653292706875742
21.654688801148552
21.656084895421362
21.65748098969417
21.65887708396698
21.66027317823979
21.6616692725126
21.66306536678541
21.66446146105822
21.66585755533103
21.66725364960384
21.66864974387665
21.67004583814946
21.67144193242227
21.67283728460455
21.6742326367368
21.675627988699247
21.677023340661695
21.678418692624142
21.67981404458659
21.681209396549036
21.682604748511483
21.68400010047393
21.685395452436378
21.686790804398825
21.688186156361272
21.68958150832372
21.690976860286167
21.69236561414165
21.693754756000075
21.695143897912395
21.696533039765196
21.69792218145177
21.699311323138343
21.700700464824916
21.70208960651149
21.703478748198062
21.704867889884635
21.70625703157121
21.707646173257782
21.709035314944355
21.71042445663093
21.7118135983175
21.713202740004075
21.71459123777006
21.715979735597738
21.71736823343595
21.718756731455436
21.720145229474923
21.72153372749441
21.722922225513898
21.724310723533385
21.725699221552873
21.72708771957236
21.728476217591847
21.729864715611335
21.731253213630822
21.73264171165031
21.734030209669797
21.73541998420924
21.736809758802586
21.738199533388414
21.73958930795487
21.740979082521324
21.74236885708778
21.743758631654234
21.74514840622069
21.746538180787145
21.7479279553536
21.749317729920055
21.75070750448651
21.752097279052965
21.75348705361942
21.754876828185875
21.756260669259614
21.757644510600205
21.759028351956175
21.76041219341249
21.76179603461271
21.76317987595828
21.764563717414593
21.765947558614815
21.767331399960383
21.768715241416697
21.77009908261692
21.771482923962488
21.7728667654188
21.774250606619024
21.775634447964592
21.777019555696157
21.778404663473236
21.77978977123147
21.781174878941876
21.78255998665228
21.783945094362686
21.78533020207309
21.786715309783496
21.7881004174939
21.789485525204306
21.79087063291471
21.792255740625116
21.79364084833552
21.795025956045926
21.79641106375633
21.79779077240588
21.79917048127902
21.80055018988464
21.801929898490258
21.803309607095876
21.804689315701495
21.806069024307114
21.807448732912732
21.80882844151835
21.81020815012397
21.811587858729588
21.812967567335207
21.814347275940825
21.815726984546444
21.817106693152063
21.818488977004208
21.819871260660257
21.82125354433416
21.82263582800806
21.824018111681962
21.825400395355864
21.826782679029765
21.828164962703667
21.82954724637757
21.83092953005147
21.832311813725372
21.833694097399274
21.835076381073176
21.836458664747077
21.83784094842098
21.839223175908923
21.840605403221538
21.84198763056461
21.843369857859365
21.84475208515412
21.846134312448875
21.84751653974363
21.848898767038385
21.85028099433314
21.851663221627895
21.85304544892265
21.854427676217405
21.85580990351216
21.857192130806915
21.85857435810167
21.859953067958255
21.861331777731404
21.862710487596335
21.864089197461265
21.865467907326195
21.866846617191126
21.868225327056056
21.869604036920986
21.870982746785916
21.872361456650847
21.873740166515777
21.875118876380707
21.876497586245637
21.877876296110568
21.879255005975498
21.880634058316193
21.88201311053268
21.883392162860403
21.884771215188128
21.886150267515852
21.887529319843576
21.8889083721713
21.890287424499025
21.89166647682675
21.893045529154474
21.8944245814822
21.895803633809923
21.897182686137647
21.89856173846537
21.899940790793096
21.901320039637046
21.902699288376628
21.904078537340776
21.905457786304925
21.906837035269074
21.908216284233223
21.909595533197372
21.91097478216152
21.91235403112567
21.91373328008982
21.915112529053967
21.916491778018116
21.917871026982265
21.919250275946414
21.920629524910563
21.922009680455734
21.923389835820355
21.924769991454287
21.926150146749126
21.927530302136272
21.92891045753796
21.93029061293647
21.93167076841566
21.933050923880312
21.93443107926746
21.935811234669146
21.937191390067657
21.938571545546846
21.9399517010115
21.941331856398644
21.942712345726655
21.944092835239918
21.94547332475589
21.94685381420979
21.948234303663686
21.949614793117583
21.95099528257148
21.952375772025377
21.953756261479274
21.95513675093317
21.95651724038707
21.957897729840965
21.959278219294863
21.96065870874876
21.962039198202657
21.96341939267057
21.964799587237184
21.96617978163107
21.967559976084285
21.96894017052569
21.970320364919576
21.971700559372792
21.973080753814198
21.974460948208083
21.9758411426613
21.977221337102705
21.97860153149659
21.979981725949806
21.981361920391212
21.982742114785097
21.984121863269102
21.985501612247457
21.986881361037593
21.988261109732967
21.98964085842834
21.991020607123716
21.99240035581909
21.993780104514464
21.995159853209838
21.996539601905212
21.997919350600586
21.99929909929596
22.000678847991335
22.00205859668671
22.003438345382083
22.004822170606456
22.006205995825884
22.007589821048718
22.008973646271553
22.010357471494387
22.011741296717222
22.013125121940057
22.01450894716289
22.015892772385726
22.01727659760856
22.018660422831395
22.02004424805423
22.021428073277065
22.0228118984999
22.024195723722734
22.025576096879686
22.026956470329978
22.028336843547507
22.029717216765036
22.031097589982565
22.032477963200094
22.033858336417623
22.035238709635152
22.03661908285268
22.03799945607021
22.03937982928774
22.04076020250527
22.042140575722797
22.043520948940326
22.044901322157855
22.046280055643006
22.047658789083428
22.049037522604443
22.050416256055495
22.051794989506547
22.0531737229576
22.05455245640865
22.055931189859702
22.057309923310754
22.058688656761806
22.060067390212858
22.06144612366391
22.06282485711496
22.064203590566013
22.065582324017065
22.066965965940447
22.06834960777042
22.0697332494875
22.07111689120458
22.07250053292166
22.07388417463874
22.07526781635582
22.0766514580729
22.07803509978998
22.07941874150706
22.08080238322414
22.08218602494122
22.0835696666583
22.08495330837538
22.08633695009246
22.087717579764394
22.089098209513676
22.09047883922397
22.091859469044078
22.093240098864186
22.094620728684294
22.096001358504402
22.09738198832451
22.09876261814462
22.100143247964727
22.101523877784835
22.102904507604944
22.10428513742505
22.10566576724516
22.107046397065268
22.10842909915378
22.109811801384478
22.111194503549164
22.11257720571385
22.113959907878538
22.115342610043225
22.11672531220791
22.1181080143726
22.119490716537285
22.120873418701972
22.12225612086666
22.123638823031346
22.125021525196033
22.12640422736072
22.127786929525406
22.129167325562896
22.130547721466627
22.13192811742187
22.133308513377116
22.13468890933236
22.136069305287606
22.13744970124285
22.138830097198095
22.14021049315334
22.141590889108585
22.14297128506383
22.144351681019074
22.14573207697432
22.147112472929564
22.14849286888481
22.149872748885805
22.151252629251456
22.152632509569166
22.154012389886876
22.155392270204587
22.156772150522297
22.158152030840007
22.159531911157718
22.160911791475428
22.162291671793138
22.16367155211085
22.16505143242856
22.16643131274627
22.16781119306398
22.16919107338169
22.17057297692236
22.171954880674672
22.173336784271953
22.174718687944033
22.176100591616112
22.177482495288192
22.178864398960272
22.18024630263235
22.18162820630443
22.18301010997651
22.18439201364859
22.18577391732067
22.18715582099275
22.18853772466483
22.18991962833691
22.191302917438815
22.192686206283838
22.194069495150252
22.195452784016666
22.19683607288308
22.198219361749494
22.19960265061591
22.200985939482322
22.202369228348736
22.20375251721515
22.205135806081564
22.20651909494798
22.207902383814393
22.209285672680807
22.21066896154722
22.212051661716302
22.21343436208981
22.21481706241215
22.21619976277166
22.21758246313117
22.21896516349068
22.22034786385019
22.2217305642097
22.22311326456921
22.22449596492872
22.22587866528823
22.227261365647742
22.228644066007252
22.230026766366763
22.231409466726273
