0.0013984899992594208
0.00279698024687917
0.0013984899992594208
0.00279698024687917
0.004195470321835027
0.0055939602684663406
0.006992450229504302
0.008390940304460158
0.009789430251091472
0.011187920212129433
0.012586410287085289
0.013984900233716603
0.015383390194754563
0.01678188026971042
0.018180370216341734
0.019578860177379694
0.02097735025233555
0.022376275406334988
0.023775200454432446
0.02517412543713759
0.02657305067723712
0.027971975917336654
0.029370901157436187
0.03076982639753572
0.03216875163763525
0.033567676877734785
0.03496660211783432
0.03636552735793385
0.037764452598033384
0.039163377838132916
0.04056230307823245
0.04196122831833198
0.04336124770768982
0.04476126702581154
0.046161286280671614
0.04756130570491447
0.04896132510214743
0.050361344560969835
0.051761363985212694
0.05316138338244565
0.05456140284126806
0.055961422265510916
0.05736144166274387
0.05876146112156628
0.06016148054580914
0.061561499943042094
0.06296151940186451
0.06436194297651886
0.0657623665910048
0.06716279006282834
0.06856321355332012
0.06996363704381191
0.07136406053430369
0.07276448402479548
0.07416490751528726
0.07556533100577904
0.07696575449627083
0.07836617798676261
0.0797666014772544
0.08116702496774618
0.08256744845823796
0.08396787194872975
0.08536982468963811
0.08677177759777716
0.08817373033038284
0.08957568312740477
0.0909776359244267
0.09237958872144864
0.09378154151847057
0.0951834943154925
0.09658544711251443
0.09798739990953637
0.0993893527065583
0.10079130550358023
0.10219325830060216
0.1035952110976241
0.10499716389464603
0.1063989377694229
0.1078007117376821
0.1092024854820848
0.11060425951543103
0.11200603354877725
0.11340780758212347
0.1148095816154697
0.11621135564881592
0.11761312968216214
0.11901490371550837
0.12041667774885459
0.12181845178220081
0.12322022581554704
0.12462199984889326
0.12602377388223948
0.12742444343625797
0.12882511299189858
0.130225782306133
0.13162645186951452
0.13302712143289605
0.13442779099627758
0.1358284605596591
0.13722913012304064
0.13862979968642217
0.1400304692498037
0.14143113881318523
0.14283180837656675
0.14423247793994828
0.1456331475033298
0.14703381706671134
0.14843551670322894
0.14983721615236992
0.1512389157569248
0.15264061506960933
0.15404231438229385
0.15544401369497837
0.1568457130076629
0.15824741232034742
0.15964911163303194
0.16105081094571647
0.162452510258401
0.1638542095710855
0.16525590888377004
0.16665760819645456
0.16805930750913908
0.16945989298119213
0.17086047875705343
0.17226106434431127
0.17366165002194428
0.1750622356995773
0.1764628213772103
0.17786340705484333
0.17926399273247634
0.18066457841010936
0.18206516408774237
0.18346574976537539
0.1848663354430084
0.18626692112064142
0.18766750679827443
0.18906809247590745
0.19046939457866105
0.19187069638203205
0.19327199810072296
0.19467329981941386
0.19607460153810477
0.19747590325679568
0.19887720497548658
0.2002785066941775
0.2016798084128684
0.2030811101315593
0.2044824118502502
0.2058837135689411
0.20728501528763202
0.20868631700632292
0.21008761872501383
0.21148771371819286
0.21288780865133358
0.2142879037163081
0.2156879987812826
0.21708809384625713
0.21848818891123165
0.21988828397620616
0.22128837904118068
0.2226884741061552
0.2240885691711297
0.22548866423610422
0.22688875930107874
0.22828885436605326
0.22968894943102777
0.2310890444960023
0.23249059901213798
0.2338921535448605
0.23529370791512652
0.23669526237775482
0.2380968168403831
0.2394983713030114
0.2408999257656397
0.242301480228268
0.2437030346908963
0.2451045891535246
0.2465061436161529
0.24790769807878119
0.24930925254140948
0.2507108070040378
0.2521123614666661
0.2535126723265034
0.25491298320927525
0.2563132937670303
0.2577136045106189
0.2591139152542075
0.2605142259977961
0.2619145367413847
0.2633148474849733
0.2647151582285619
0.2661154689721505
0.2675157797157391
0.2689160904593277
0.2703164012029163
0.2717167119465049
0.27311702269009347
0.2745187638018151
0.27592050472093316
0.2773222457161102
0.2787239869149683
0.2801257281138264
0.2815274693126845
0.28292921051154263
0.28433095171040074
0.28573269290925885
0.28713443410811695
0.28853617530697506
0.28993791650583317
0.2913396577046913
0.2927413989035494
0.2941431401024075
0.29554605807999085
0.2969489759254969
0.29835189373789855
0.29975481160586476
0.30115772947383096
0.30256064734179716
0.30396356520976336
0.30536648307772957
0.30676940094569577
0.30817231881366197
0.3095752366816282
0.3109781545495944
0.3123810724175606
0.3137839902855268
0.315186908153493
0.31658895763029454
0.31799100721943363
0.3193930567681129
0.3207951063167922
0.3221971558654715
0.32359920541415077
0.32500125496283006
0.32640330451150934
0.3278053540601886
0.3292074036088679
0.3306094531575472
0.3320115027062265
0.33341355225490577
0.33481560180358505
0.33621765135226434
0.3376207183107511
0.3390237853476667
0.34042685209954043
0.3418299190359418
0.34323298597234314
0.3446360529087445
0.34603911984514585
0.3474421867815472
0.34884525371794856
0.3502483206543499
0.35165138759075126
0.3530544545271526
0.35445752146355397
0.3558605883999553
0.3572636553363567
0.35866651210932277
0.3600693689321394
0.36147222564929954
0.36287508248445893
0.3642779393196183
0.3656807961547777
0.3670836529899371
0.3684865098250965
0.3698893666602559
0.3712922234954153
0.3726950803305747
0.3740979371657341
0.3755007940008935
0.3769036508360529
0.37830650767121227
0.3797096434240053
0.38111277878038163
0.38251591429675313
0.38391904973877494
0.38532218518079675
0.38672532062281856
0.38812845606484037
0.3895315915068622
0.390934726948884
0.3923378623909058
0.3937409978329276
0.3951441332749494
0.3965472687169712
0.397950404158993
0.39935353960101483
0.4007560694278506
0.402158599090612
0.4035611289420467
0.4049636586755106
0.4063661884089745
0.40776871814243837
0.40917124787590226
0.41057377760936614
0.41197630734283003
0.4133788370762939
0.4147813668097578
0.4161838965432217
0.4175864262766856
0.41898895601014946
0.42039148574361335
0.42179483779579346
0.4231981900002955
0.42460154200873146
0.4260048940171674
0.42740824602560334
0.4288115980340393
0.43021495004247523
0.4316183020509112
0.4330216540593471
0.43442500606778306
0.435828358076219
0.43723171008465495
0.4386350620930909
0.44003841410152683
0.4414417661099628
0.4428455309150018
0.4442492957412356
0.4456530605021677
0.44705682526309976
0.4484605900240318
0.4498643547849639
0.45126811954589596
0.45267188430682803
0.4540756490677601
0.45547941382869217
0.45688317858962424
0.4582869433505563
0.4596907081114884
0.46109447287242045
0.4624982376333525
0.46390148647619844
0.46530473521396754
0.4667079840785624
0.4681112328179373
0.46951448155731224
0.47091773029668715
0.47232097903606207
0.473724227775437
0.4751274765148119
0.4765307252541868
0.47793397399356174
0.47933722273293666
0.4807404714723116
0.4821437202116865
0.4835469689510614
0.48494869285443154
0.48635041673192086
0.48775214040390574
0.48915386397375155
0.49055558754359735
0.49195731111344315
0.49335903468328896
0.49476075825313476
0.49616248182298056
0.49756420539282636
0.49896592896267217
0.5003676525325179
0.5017693761023637
0.5031710996722095
0.5045728232420553
0.505975826994481
0.5073788309729561
0.5087818348805767
0.5101848388453206
0.5115878428100645
0.5129908467748084
0.5143938507395523
0.5157968547042963
0.5171998586690402
0.5186028626337841
0.520005866598528
0.5214088705632719
0.5228118745280158
0.5242148784927597
0.5256178824575036
0.5270228070352896
0.5284277316983229
0.5298326561204483
0.5312375804449033
0.5326425047693584
0.5340474290938134
0.5354523534182685
0.5368572777427235
0.5382622020671786
0.5396671263916336
0.5410720507160887
0.5424769750405437
0.5438818993649988
0.5452868236894538
0.5466917480139089
0.5481010309915998
0.5495103139042831
0.5509195965622604
0.5523288794099245
0.5537381622575885
0.5551474451052526
0.5565567279529167
0.5579660108005807
0.5593752936482448
0.5607845764959088
0.5621938593435729
0.563603142191237
0.565012425038901
0.5664217078865651
0.5678309907342292
0.5692388051274015
0.5706466194380666
0.5720544337108222
0.5734622479835778
0.5748700622563334
0.576277876529089
0.5776856908018446
0.5790935050746002
0.5805013193473558
0.5819091336201114
0.583316947892867
0.5847247621656226
0.5861325764383782
0.5875403907111338
0.5889482049838894
0.5903554386668931
0.5917626723564672
0.5931699062038932
0.5945771400513192
0.5959843738987453
0.5973916077461713
0.5987988415935973
0.6002060754410233
0.6016133092884494
0.6030205431358754
0.6044277769833014
0.6058350108307274
0.6072422446781535
0.6086494785255795
0.6100567123730055
0.6114654614293222
0.6128742102905433
0.6142829590894356
0.6156917079191192
0.6171004567488028
0.6185092055784863
0.6199179544081699
0.6213267032378534
0.622735452067537
0.6241442008972206
0.6255529497269041
0.6269616985565877
0.6283704473862712
0.6297791962159548
0.6311879450456384
0.6325966605830532
0.6340053761388078
0.6354140916658657
0.6368228071929236
0.6382315227199815
0.6396402382470394
0.6410489537740973
0.6424576693011552
0.6438663848282131
0.645275100355271
0.6466838158823289
0.6480925314093868
0.6495012469364447
0.6509099624635026
0.6523186779905605
0.6537268740282003
0.6551350699479579
0.6565432661053172
0.6579514622626765
0.6593596584200359
0.6607678545773952
0.6621760507347545
0.6635842468921138
0.6649924430494731
0.6664006392068325
0.6678088353641918
0.6692170315215511
0.6706252276789104
0.6720334238362697
0.6734416199936291
0.6748501136505981
0.6762586070435763
0.6776671006070666
0.6790755940270989
0.6804840874471313
0.6818925808671636
0.683301074287196
0.6847095677072284
0.6861180611272607
0.6875265545472931
0.6889350479673254
0.6903435413873578
0.6917520348073901
0.6931605282274225
0.6945690216474548
0.6959781049616628
0.6973871882440107
0.6987962714387186
0.7002053545508372
0.7016144376629558
0.7030235207750745
0.7044326038871931
0.7058416869993117
0.7072507701114303
0.708659853223549
0.7100689363356676
0.7114780194477862
0.7128871025599048
0.7142961856720235
0.7157052687841421
0.7171135528961673
0.7185218369584638
0.7199301211633085
0.721338405299516
0.7227466894752569
0.7241549736857804
0.7255632578219879
0.7269715419977288
0.7283798262082524
0.7297881103444599
0.7311963945202008
0.7326046787307243
0.7340129628669319
0.7354212470426728
0.7368295312531963
0.738237617378835
0.7396457036176963
0.7410537895986801
0.7424618758088667
0.7438699620190533
0.7452780482292399
0.7466861344394266
0.7480942206496132
0.7495023068597998
0.7509103930699864
0.752318479280173
0.7537265654903597
0.7551346517005463
0.7565427379107329
0.7579508241209195
0.7593590313876585
0.7607672385171407
0.762175445504904
0.7635836524926674
0.7649918594804307
0.766400066468194
0.7678082734559574
0.7692164804437207
0.770624687431484
0.7720328944192474
0.7734411014070107
0.7748493083947741
0.7762575153825374
0.7776657223703007
0.7790739293580641
0.780483560773903
0.7818931921190986
0.7833028234072108
0.7847124546527827
0.7861220858983546
0.7875317171439266
0.7889413483894985
0.7903509796350704
0.7917606108806423
0.7931702421262142
0.7945798733717861
0.7959895046173581
0.79739913586293
0.7988087671085019
0.8002183983540738
0.8016282281031638
0.8030380576601515
0.8044478872383183
0.8058577167640691
0.80726754628982
0.8086773758155709
0.8100872053413217
0.8114970348670726
0.8129068643928234
0.8143166939185743
0.8157265234443252
0.817136352970076
0.8185461824958269
0.8199560120215778
0.8213658415473286
0.8227728555359902
0.8241798696437677
0.8255868835486481
0.8269938974688522
0.8284009113890564
0.8298079253092605
0.8312149392294647
0.8326219531496688
0.834028967069873
0.8354359809900771
0.8368429949102812
0.8382500088304854
0.8396570227506895
0.8410640366708937
0.8424710505910978
0.8438799350661759
0.8452888194621188
0.8466977039991053
0.8481065885360918
0.8495154730730783
0.8509243576100648
0.8523332421470513
0.8537421266840378
0.8551510112210243
0.8565598957580108
0.8579687802949973
0.8593776648319839
0.8607865493689704
0.8621954339059569
0.8636043184429434
0.8650125550688016
0.8664207919314966
0.8678290285181005
0.8692372651047044
0.8706455016913084
0.8720537382779123
0.8734619748645163
0.8748702114511202
0.8762784480377241
0.8776866846243281
0.879094921210932
0.880503157797536
0.8819113943841399
0.8833196309707438
0.8847278675573478
0.886135449609667
0.8875430319928441
0.8889506144807353
0.8903581969686265
0.8917657794565177
0.8931733619444089
0.8945809444323001
0.8959885269201913
0.8973961094080825
0.8988036918959736
0.9002112743838648
0.901618856871756
0.9030264393596472
0.9044340218475384
0.9058416043354296
0.9072485500946449
0.9086554959553533
0.910062441697785
0.911469387504533
0.912876333216323
0.914283278928113
0.915690224639903
0.917097170351693
0.918504116063483
0.919911061775273
0.921318007487063
0.9227249531988531
0.9241318989106431
0.9255388446224331
1.0425352087044633
1.1596685236264441
1.2768018386654312
1.393935153671798
1.511068468678165
1.628201783684532
1.7453350986908989
1.8624684136972658
1.9796017287036327
2.09673504371
2.213868358716367
2.331001673722734
2.4481349887291013
2.5652683037354684
2.6824016187418356
2.7995349337482027
2.91655682476259
3.0335787159665517
3.1506006068650096
3.2676224977634676
3.3846443886619255
3.5016662795603835
3.6186881704588414
3.7357100613572993
3.8527319522557573
3.969753843154215
4.086775734052673
4.2037976249511315
4.32081951584959
4.437841406748048
4.554863297646507
4.671798411625441
4.788733525563501
4.905668639235373
5.022603753005371
5.139538866775369
5.256473980545366
5.373409094315364
5.490344208085362
5.607279321855359
5.724214435625357
5.841149549395355
5.958084663165352
6.07501977693535
6.191954890705348
6.308890004475345
6.425821597924099
6.542753191133075
6.659684784417366
6.77661637763345
6.893547970917741
7.010479564133824
7.127411157418115
7.244342750634199
7.36127434391849
7.4782059371345735
7.595137530418865
7.712069123634948
7.829000716919239
7.945932310135323
8.062863903419613
8.179837995734461
8.296812088099056
8.41378618032332
8.530760272547585
8.64773436477185
8.764708456996114
8.881682549220379
8.998656641444644
9.115630733668908
9.232604825893173
9.349578918117437
9.466553010341702
9.583527102565967
9.700501194790231
9.817475287014496
9.934589066427634
10.051702845837557
10.168816625296607
10.285930404713946
10.403044184172996
10.520157963590336
10.637271743049386
10.754385522466725
10.871499301925775
10.988613081343114
11.105726860802164
11.222840640219504
11.339954419678554
11.457068199095893
11.574181978554943
11.691321276109544
11.808460573639765
11.925599871102373
12.04273916856498
12.159878466027587
12.277017763490194
12.394157060952802
12.511296358415409
12.628435655878016
12.745574953340624
12.862714250803231
12.979853548265838
13.096992845728446
13.214132143191053
13.33127144065366
13.448378753955923
13.565486067107553
13.682593380077511
13.799700693133849
13.916808006061501
14.033915319036241
14.151022632092578
14.268129945020231
14.385237257994971
14.502344571051308
14.619451883978961
14.736559196953701
14.853666510010038
14.97077382293769
15.087881135912431
15.204941131466969
15.322001126856001
15.439061122354955
15.556121117853909
15.673181113352863
15.790241108851816
15.90730110435077
16.024361099849724
16.141421095348676
16.258481090847628
16.37554108634658
16.49260108184553
16.609661077344484
16.726721072843436
16.843781068342388
16.9608429778391
17.07790488757178
17.194966797201193
17.312028706722362
17.429090616321982
17.546152525951396
17.663214435472565
17.780276345072185
17.897338254701598
18.014400164222767
18.131462073822387
18.2485239834518
18.36558589297297
18.48264780257259
18.599709712202003
18.716822266934162
18.8339348216692
18.95104737632603
19.068159930982862
19.185272485639693
19.302385040296524
19.419497594953356
19.536610149610187
19.653722704267018
19.77083525892385
19.88794781358068
20.005060368237512
20.122172922894343
20.239285477551174
20.356398032208006
20.47342596976821
20.590453907198047
20.707481844651358
20.82450978227545
20.94153771972876
21.05856565735285
21.175593594806163
21.292621532430253
21.409649469883565
21.526677407507655
21.643705344960967
21.760733282585058
21.87776122003837
21.99478915766246
22.11181709511577
22.22883628053936
22.345855465903195
22.462874651167823
22.579893836590472
22.69691302201312
22.81393220743577
22.930951392858418
23.047970578281067
23.164989763703716
23.282008949126364
23.399028134549013
23.516047319971662
23.63306650539431
23.75008569081696
23.86710487623961
23.984073799220624
24.101042722383763
24.218011645347413
24.334980568311064
24.451949491274714
24.568918414238365
24.685887337202015
24.802856260165665
24.919825183129316
25.036794106092966
25.153763029056616
25.270731952020267
25.387700874983917
25.504669797947567
25.621638720911218
25.738670180719385
25.855701640664186
25.97273310038193
26.089764560099674
26.206796019817418
26.32382747953516
26.440858939252905
26.55789039897065
26.674921858688393
26.791953318406136
26.90898477812388
27.026016237841624
27.143047697559368
27.26007915727711
27.377110616994855
27.494249832166485
27.611389047455976
27.728528262685508
27.84566747791504
27.96280669314457
28.079945908374103
28.197085123603635
28.314224338833167
28.4313635540627
28.54850276929223
28.665641984521763
28.782781199751295
28.899920414980826
29.01705963021036
29.13419884543989
29.25125862869686
29.36831841180892
29.48537819507665
29.602437978344376
29.719497761612104
29.83655754487983
29.95361732814756
30.070677111415286
30.187736894683013
30.30479667795074
30.421856461218468
30.538916244486195
30.655976027753923
30.77303581102165
30.890095594289377
31.00715590567583
31.124216216862074
31.24127652834762
31.35833683961623
31.475397150884838
31.592457462153448
31.709517773422057
31.826578084690667
31.943638395959276
32.060698707227886
32.177759018496495
32.294819329765104
32.411879641033714
32.52893995230232
32.64600026357093
32.76296959712036
32.879938930696916
32.99690826422903
33.11387759776114
33.23084693129325
33.34781626482536
33.46478559835747
33.581754931889584
33.698724265421696
33.81569359895381
33.93266293248592
34.04963226601803
34.16660159955014
34.28357093308225
34.400540266614364
34.51753672031913
34.63453317397485
34.751529627630575
34.8685260812863
34.98552253494202
35.102518988597744
35.21951544225347
35.33651189590919
35.45350834956491
35.570504803220636
35.68750125687636
35.80449771053208
35.921494164187806
36.03849061784353
36.15548707149925
36.27261915824787
36.38975124497207
36.50688333168396
36.62401541852494
36.74114750523683
36.858279592077814
36.975411678789705
37.09254376563069
37.20967585234258
37.32680793918356
37.44394002589545
37.56107211273643
37.678204199448324
37.795336286289306
37.9124683730012
38.029398128138936
38.146327883346856
38.26325763846493
38.38018739371897
38.49711714883704
38.61404690409108
38.730976659209155
38.847906414463196
38.96483616958127
39.08176592483531
39.19869567995338
39.31562543520742
39.432555190325495
39.549484945579536
39.66641470069761
39.66782009796432
39.669225495369325
39.670630892691854
39.672036289960566
39.67344168722928
39.67484708449799
39.6762524817667
39.677657879035415
39.67906327630413
39.68046867357284
39.68187407084155
39.683279468110264
39.684684865378976
39.68609026264769
39.6874956599164
39.68890137012699
39.69030708033215
39.691712790624294
39.69311850091644
39.69452421120859
39.695929921500735
39.69733563179288
39.69874134208503
39.700147052377176
39.70155276266932
39.70295847296147
39.70436418325362
39.705769893545764
39.70717560383791
39.70858131413006
39.709986035449624
39.71139075687943
39.71279547825834
39.714200199637254
39.715604921016165
39.71700964239508
39.71841436377399
39.7198190851529
39.72122380653181
39.72262852791072
39.72403324928963
39.725437970668544
39.726842692047455
39.72824741342637
39.72965213480528
39.73105633664922
39.732460538468615
39.73386474049133
39.73526894251404
39.73667314453675
39.738077346559464
39.73948154858218
39.74088575060489
39.7422899526276
39.74369415465031
39.745098356673026
39.74650255869574
39.74790676071845
39.74931096274116
39.75071152303409
39.75211235581769
39.753513188368586
39.754914021209785
39.75631485408435
39.75771568695892
39.75911651983348
39.76051735270805
39.761918185582616
39.76331901845718
39.76471985133175
39.766120684206314
39.76752151708088
39.768922349955446
39.77032318283001
39.77172401570458
39.77312439597731
39.77452477669437
39.775925157184986
39.777325537641886
39.778725918098786
39.780126298555686
39.781526679012586
39.782927059469486
39.784327439926386
39.785727820383286
39.787128200840186
39.788528581297086
39.789928961753986
39.79132934221089
39.79272972266779
39.79413099957309
39.795532276349064
39.79693355329848
39.7983348302688
39.79973610723912
39.80113738420944
39.80253866117976
39.80393993815008
39.8053412151204
39.80674249209072
39.80814376906104
39.80954504603136
39.81094632300168
39.812347599972
39.81374887694232
39.81514599651349
39.81654311601785
39.81794023560435
39.819337355196375
39.82073447464789
39.82213159428135
39.82352871387338
39.8249258333249
39.82632295295836
39.827720072550385
39.8291171920019
39.83051431163536
39.83191143122739
39.83330855067891
39.83470567031237
39.836103675300585
39.83750168021465
39.83889968511656
39.840297690010175
39.84169569490379
39.84309369979741
39.84449170469102
39.84588970958464
39.847287714478256
39.84868571937187
39.85008372426549
39.851481729159104
39.85287973405272
39.85427773894634
39.85567574383995
39.857069979023734
39.858464214574326
39.85985845009214
39.861252685609955
39.86264692112777
39.864041156645584
39.8654353921634
39.86682962768121
39.86822386319903
39.86961809871684
39.871012334234656
39.87240656975247
39.873800805270285
39.8751950407881
39.876589276305914
39.87798530797307
39.8793813399162
39.880777371667456
39.88217340341871
39.88356943516997
39.88496546692122
39.88636149867248
39.887757530423734
39.88915356217499
39.890549593926245
39.8919456256775
39.893341657428756
39.89473768918001
39.89613372093127
39.89752975268252
39.89892574513868
39.90032173750847
39.901717730156655
39.90311372273317
39.90450971530968
39.90590570788619
39.9073017004627
39.908697693039215
39.91009368561573
39.91148967819224
39.91288567076875
39.914281663345264
39.915677655921776
39.91707364849829
39.9184696410748
39.91986318127744
39.9212567215749
39.922650261846734
39.92404380211857
39.9254373423904
39.92683088266224
39.92822442293407
39.92961796320591
39.93101150347774
39.932405043749576
39.93379858402141
39.935192124293245
39.93658566456508
39.937979204836914
39.93937274510875
39.940766523817786
39.942160302310526
39.943554080836144
39.94494785936176
39.94634163788738
39.947735416412996
39.949129194938614
39.95052297346423
39.95191675198985
39.953310530515466
39.954704309041084
39.9560980875667
39.95749186609232
39.958885644617936
39.960279423143554
39.96167333836015
39.96306725347256
39.964461168983824
39.96585508449509
39.967249000006355
39.96864291551762
39.970036831028885
39.97143074654015
39.972824662051416
39.97421857756268
39.975612493073946
39.97700640858521
39.97840032409648
39.97979423960774
39.98118815511901
39.9825827016135
39.98397724801371
39.985371794185085
39.98676634058529
39.9881608869707
39.989555433326494
39.99094997956547
39.99234452585724
39.993739072219455
39.99513361860486
39.99652816496066
39.997922711199635
39.999317257491406
40.00071180385362
40.002106350239025
40.00350112905063
40.0048959080486
40.006290686963425
40.00768546592399
40.00908024488456
40.010475023845125
40.01186980280569
40.01326458176626
40.014659360726824
40.01605413968739
40.01744891864796
40.018843697608524
40.02023847656909
40.02163325552966
40.023028034490224
40.02442260809514
40.02581718164314
40.02721175527783
40.02860632870622
40.03000090220571
40.0313954758404
40.03279004926878
40.03418462276827
40.03557919640296
40.03697376983135
40.03836834333084
40.03976291696553
40.041157490393914
40.0425520638934
40.043946637528094
40.04534090091037
40.04673516432351
40.04812942751452
40.049523690743186
40.050917953971855
40.05231221720052
40.05370648042919
40.05510074365786
40.05649500688653
40.0578892701152
40.059283533343866
40.060677796572534
40.0620720598012
40.06346632302987
40.06486058625854
40.0662576943344
40.067654802435435
40.06905191058879
40.070449018742146
40.0718461268955
40.07324323504886
40.07464034320221
40.07603745135557
40.07743455950892
40.07883166766228
40.080228775815634
40.08162588396899
40.083022992122345
40.0844201002757
40.085817208429056
40.08721190633716
40.08860660432724
40.090001302468345
40.09139600060945
40.092790698750555
40.09418539689166
40.095580095032766
40.09697479317387
40.098369491314976
40.09976418945608
40.10115888759719
40.10255358573829
40.1039482838794
40.1053429820205
40.10673768016161
40.10813123671091
40.10952479327645
40.11091834996735
40.11231190657524
40.11370546318314
40.11509901979103
40.116492576398926
40.11788613300682
40.119279689614714
40.12067324622261
40.1220668028305
40.1234603594384
40.12485391604629
40.126247472654185
40.12764102926208
40.1290380093295
40.130434989478054
40.131831969540166
40.13322894960228
40.13462592966439
40.1360229097265
40.13741988978861
40.13881686985072
40.14021384991283
40.141610829974944
40.143007810037055
40.144404790099166
40.14580177016128
40.14719875022339
40.1485957302855
40.14999060715451
40.15138548400297
40.15278036067531
40.154175237519894
40.15557011436448
40.156964991209065
40.15835986805365
40.15975474489824
40.16114962174282
40.16254449858741
40.163939375431994
40.16533425227658
40.166729129121165
40.16812400596575
40.16951888281034
40.17091520671317
40.17231153080869
40.17370785495936
40.17510417911003
40.1765005032607
40.17789682741137
40.179293151562035
40.180689475712704
40.18208579986337
40.18348212401404
40.18487844816471
40.18627477231538
40.18767109646605
40.189067420616716
40.190463744767385
40.19185845844843
40.19325317222027
40.194647885954105
40.19604259968794
40.19743731342178
40.19883202715562
40.200226740889455
40.20162145462329
40.20301616835713
40.20441088209097
40.205805595824806
40.207200309558644
40.20859502329248
40.20998973702632
40.21138445076016
40.21277880556054
40.214173160317166
40.21556751519103
40.2169618700649
40.218356224938766
40.21975057981263
40.2211449346865
40.222539289560366
40.22393364443423
40.2253279993081
40.226722354181966
40.22811670905583
40.2295110639297
40.230905418803566
40.23229977367743
40.233695539966554
40.23509130628436
40.23648707263037
40.237882838933324
40.23927860523628
40.240674371539235
40.24207013784219
40.24346590414515
40.2448616704481
40.24625743675106
40.247653203054014
40.24904896935697
40.250444735659926
40.25184050196288
40.25323626826584
40.25463300191652
40.256029735615186
40.25742646945401
40.258823203292835
40.26021993713166
40.26161667097048
40.26301340480931
40.26441013864813
40.265806872486955
40.26720360632578
40.2686003401646
40.26999707400343
40.27139380784225
40.272790541681076
40.2741872755199
40.275583598173846
40.27697992110469
40.278376243765976
40.27977256642726
40.28116888908855
40.282565211749834
40.28396153441112
40.285357857072405
40.28675417973369
40.28815050239498
40.28954682505626
40.29094314771755
40.292339470378835
40.29373579304012
40.295132115701406
