0.0013844602151047135
0.0027689206076602687
0.0013844602151047135
0.0027689206076602687
0.004153380844117675
0.005537841199422873
0.006922301657928468
0.008306761911345288
0.009691222266650486
0.011075682725156081
0.0124601429785729
0.013844603333878098
0.015229063792383693
0.016613524045800514
0.017997984401105713
0.019382444859611308
0.020766905113028127
0.02215202137714546
0.023537137679772575
0.024922253916516757
0.026307370116236045
0.027692486315955334
0.029077602515674622
0.03046271871539391
0.0318478349151132
0.03323295111483249
0.034618067314551776
0.036003183514271064
0.03738829971399035
0.03877341591370964
0.04015853211342893
0.04154364831314822
0.04293043605893742
0.04431722362150345
0.04570401108659476
0.047090798675340266
0.04847758608807518
0.04986437365218236
0.051251161240927864
0.05263794865366278
0.05402473621776996
0.05541152380651546
0.05679831121925038
0.05818509878335756
0.05957188637210306
0.06095867378483798
0.062345461348945155
0.06373286643226436
0.06512027123039153
0.066507676130138
0.06789508101500835
0.0692824858998787
0.07066989078474906
0.07205729566961941
0.07344470055448976
0.07483210543936011
0.07621951032423047
0.07760691520910082
0.07899432009397117
0.08038172497884152
0.08176912986371188
0.08315653474858223
0.08454627023112476
0.0859360058611048
0.08732574151157309
0.08871547723041547
0.09010521294925784
0.09149494866810022
0.0928846843869426
0.09427442010578498
0.09566415582462735
0.09705389154346973
0.09844362726231211
0.09983336298115449
0.10122309869999686
0.10261283441883924
0.10400257013768162
0.10539203299802517
0.1067814960379967
0.10817095886949193
0.10956042185132366
0.11094988483315538
0.1123393478149871
0.11372881079681882
0.11511827377865054
0.11650773676048226
0.11789719974231398
0.1192866627241457
0.12067612570597742
0.12206558868780915
0.12345505166964087
0.12484451465147259
0.12623229435479383
0.12762007407640316
0.129007853732041
0.13039563347898964
0.13178341322593828
0.13317119297288693
0.13455897271983558
0.13594675246678423
0.13733453221373287
0.13872231196068152
0.14011009170763017
0.14149787145457882
0.14288565120152746
0.1442734309484761
0.14566121069542476
0.14705056029639377
0.14843990966261156
0.14982925897624114
0.15121860835738327
0.1526079577385254
0.15399730711966753
0.15538665650080966
0.15677600588195179
0.15816535526309392
0.15955470464423605
0.16094405402537817
0.1623334034065203
0.16372275278766243
0.16511210216880456
0.1665014515499467
0.16788910365088697
0.16927675598224098
0.1706644080281495
0.1720520601811063
0.1734397123340631
0.1748273644870199
0.1762150166399767
0.17760266879293352
0.17899032094589032
0.18037797309884712
0.18176562525180393
0.18315327740476073
0.18454092955771753
0.18592858171067433
0.18731623386363114
0.18870497731887698
0.19009372079646825
0.1914824642595237
0.19287120772257915
0.1942599511856346
0.19564869464869006
0.1970374381117455
0.19842618157480096
0.19981492503785642
0.20120366850091187
0.20259241196396732
0.20398115542702278
0.20536989889007823
0.20675864235313368
0.20814738581618913
0.20953428887835754
0.21092119194814582
0.21230809526859676
0.21369499846803178
0.2150819016674668
0.21646880486690181
0.21785570806633683
0.21924261126577185
0.22062951446520687
0.2220164176646419
0.2234033208640769
0.22479022406351193
0.22617712726294695
0.22756403046238197
0.22895093366181699
0.2303400622501884
0.23172919080362803
0.23311831930175117
0.23450744788942282
0.23589657647709447
0.23728570506476612
0.23867483365243777
0.24006396224010942
0.24145309082778108
0.24284221941545273
0.24423134800312438
0.24562047659079603
0.24700960517846768
0.24839873376613933
0.24978786235381098
0.2511750953152252
0.25256232840156595
0.2539495612642289
0.25533679424331973
0.25672402722241056
0.2581112602015014
0.2594984931805922
0.26088572615968303
0.26227295913877385
0.2636601921178647
0.2650474250969555
0.2664346580760463
0.26782189105513715
0.269209124034228
0.2705963570133188
0.2719857700721391
0.2733751831469741
0.2747645959795242
0.2761540089903942
0.27754342200126425
0.2789328350121343
0.2803222480230043
0.28171166103387435
0.2831010740447444
0.2844904870556144
0.28587990006648445
0.2872693130773545
0.2886587260882245
0.29004813909909455
0.2914375521099646
0.29282875939711867
0.29421996652426186
0.2956111737411177
0.2970023808946397
0.2983935880481617
0.29978479520168366
0.30117600235520564
0.3025672095087276
0.3039584166622496
0.3053496238157716
0.30674083096929355
0.30813203812281553
0.3095232452763375
0.3109144524298595
0.31230565958338147
0.31369554267069644
0.31508542581389815
0.31647530893709136
0.3178651920602846
0.3192550751834778
0.320644958306671
0.3220348414298642
0.32342472455305743
0.32481460767625064
0.32620449079944386
0.32759437392263707
0.3289842570458303
0.3303741401690235
0.3317640232922167
0.33315390641540993
0.3345453413201505
0.33593677626993984
0.3373282111764867
0.3387196459762725
0.34011108077605834
0.34150251557584416
0.34289395037563
0.3442853851754158
0.3456768199752016
0.34706825477498743
0.34845968957477325
0.34985112437455906
0.3512425591743449
0.3526339939741307
0.3540254287739165
0.3554165428746626
0.3568076570249795
0.35819877126774397
0.3595898852791937
0.3609809992906435
0.36237211330209324
0.363763227313543
0.36515434132499275
0.3665454553364425
0.36793656934789226
0.369327683359342
0.3707187973707918
0.37210991138224153
0.3735010253936913
0.37489213940514104
0.37628367880901725
0.3776752182899924
0.3790667575901402
0.3804582970328134
0.38184983647548665
0.3832413759181599
0.3846329153608331
0.38602445480350633
0.38741599424617956
0.3888075336888528
0.390199073131526
0.39159061257419925
0.3929821520168725
0.3943736914595457
0.39576523090221893
0.39715584634290346
0.3985464618469258
0.39993707739065515
0.4013276929458863
0.4027183085011175
0.4041089240563487
0.40549953961157986
0.40689015516681104
0.4082807707220422
0.4096713862772734
0.4110620018325046
0.41245261738773575
0.41384323294296693
0.4152338484981981
0.4166244640534293
0.41801633388750503
0.4194082035232191
0.42080007321535207
0.42219194281020844
0.4235838124050648
0.4249756819999212
0.42636755159477757
0.42775942118963395
0.4291512907844903
0.4305431603793467
0.4319350299742031
0.43332689956905945
0.43471876916391583
0.4361106387587722
0.4375025083536286
0.4388950077434152
0.4402875071155378
0.4416800064078481
0.44307250563454353
0.44446500486123897
0.4458575040879344
0.44725000331462983
0.44864250254132526
0.4500350017680207
0.4514275009947161
0.45282000022141156
0.454212499448107
0.4556049986748024
0.45699749790149785
0.4583899971281933
0.45978170912838756
0.4611734211973664
0.4625651331520551
0.4639568452279831
0.46534855730391106
0.46674026937983903
0.468131981455767
0.469523693531695
0.47091540560762296
0.47230711768355094
0.4736988297594789
0.4750905418354069
0.47648225391133486
0.47787396598726284
0.4792656780631908
0.48065506445566974
0.4820444511098665
0.4834338376082448
0.4848232240056834
0.48621261040312197
0.48760199680056054
0.4889913831979991
0.4903807695954377
0.49177015599287627
0.49315954239031484
0.4945489287877534
0.495938315185192
0.49732770158263057
0.49871708798006914
0.5001064743775078
0.5014978130409545
0.5028891517119238
0.5042804903214179
0.5056718289624115
0.5070631676034051
0.5084545062443987
0.5098458448853923
0.5112371835263859
0.5126285221673795
0.5140198608083731
0.5154111994493668
0.5168025380903604
0.518193876731354
0.5195852153723476
0.5209765540133412
0.5223708232498575
0.5237650924832078
0.5251593618924436
0.5265536310577563
0.527947900223069
0.5293421693883817
0.5307364385536945
0.5321307077190072
0.5335249768843199
0.5349192460496326
0.5363135152149453
0.537707784380258
0.5391020535455707
0.5404963227108834
0.5418905918761961
0.5432919896851358
0.5446933874280917
0.546094785354051
0.5474961831277237
0.5488975809013965
0.5502989786750693
0.551700376448742
0.5531017742224148
0.5545031719960876
0.5559045697697603
0.5573059675434331
0.5587073653171059
0.5601087630907786
0.5615101608644514
0.5629115586381241
0.5643107145614723
0.5657098706146011
0.5671090266837212
0.568508182691152
0.5699073386985828
0.5713064947060136
0.5727056507134444
0.5741048067208752
0.575503962728306
0.5769031187357367
0.5783022747431675
0.5797014307505983
0.5811005867580291
0.5824997427654599
0.5838988987728907
0.5852971687447486
0.5866954388754339
0.5880937087818974
0.5894919788709988
0.5908902488531239
0.5922885187595874
0.5936867888486889
0.595085058830814
0.5964833287372775
0.5978815988263789
0.599279868808504
0.6006781387149676
0.602076408804069
0.6034746787861941
0.6048729486926576
0.6062735312306485
0.6076741136426526
0.6090746961305652
0.6104752786963791
0.611875861262193
0.6132764438280068
0.6146770263938207
0.6160776089596346
0.6174781915254485
0.6188787740912624
0.6202793566570762
0.6216799392228901
0.623080521788704
0.6244811043545179
0.6258816869203317
0.6272822184606897
0.6286827502752029
0.6300832821204168
0.6314838139656306
0.6328843458108444
0.6342848776560582
0.6356854095012721
0.6370859413464859
0.6384864731916997
0.6398870050369135
0.6412875368821274
0.6426880687273412
0.644088600572555
0.6454891324177688
0.6468896642629827
0.6482894028422259
0.6496891411376374
0.6510888797029613
0.6524886182682851
0.6538883568336089
0.6552880953989327
0.6566878339642566
0.6580875725295804
0.6594873110949042
0.660887049660228
0.6622867882255519
0.6636865267908757
0.6650862653561995
0.6664860039215234
0.6678857424868472
0.6692859352312247
0.6706861278331905
0.6720863203510534
0.6734865130523295
0.6748867057536057
0.6762868984548818
0.6776870911561579
0.679087283857434
0.6804874765587101
0.6818876692599862
0.6832878619612623
0.6846880546625385
0.6860882473638146
0.6874884400650907
0.6888886327663668
0.6902897258246449
0.6916908191974585
0.693091912315314
0.6944930053217595
0.695894098328205
0.6972951913346506
0.6986962843410961
0.7000973773475416
0.7014984703539872
0.7028995633604327
0.7043006563668782
0.7057017493733238
0.7071028423797693
0.7085039353862148
0.7099050283926603
0.7113049013098595
0.7127047742924011
0.7141046472703244
0.7155045203397598
0.7169043934108105
0.7183042663752068
0.7197041394446422
0.7211040125156929
0.7225038854800893
0.7239037585495246
0.7253036316205753
0.7267035045849717
0.728103377654407
0.7295032507254577
0.7309031236898541
0.7323026943765517
0.7337022648955306
0.7351018355018085
0.7365014062460813
0.7379009769903541
0.7393005477346268
0.7407001184788996
0.7420996892231724
0.7434992599674451
0.7448988307117179
0.7462984014559907
0.7476979722002635
0.7490975429445362
0.750497113688809
0.7518966844330818
0.7532964396223701
0.7546961951709369
0.7560959508813626
0.7574957065225009
0.7588954621636391
0.7602952178047774
0.7616949734459156
0.7630947290870539
0.7644944847281921
0.7658942403693304
0.7672939960104687
0.7686937516516069
0.7700935072927452
0.7714932629338834
0.7728930185750217
0.7742949485896768
0.7756968784967697
0.7770988087176361
0.7785007387667562
0.7799026688158762
0.7813045988649963
0.7827065289141163
0.7841084589632363
0.7855103890123564
0.7869123190614764
0.7883142491105964
0.7897161791597165
0.7911181092088365
0.7925200392579566
0.7939219693070766
0.7953242022453414
0.7967264351684836
0.7981286680110831
0.7995309009715889
0.8009331339320946
0.8023353668926004
0.8037375998531062
0.805139832813612
0.8065420657741178
0.8079442987346236
0.8093465316951294
0.8107487646556352
0.812150997616141
0.8135532305766467
0.8149554635371525
0.8163533979871285
0.8177513325370103
0.8191492672340233
0.8205472018329852
0.8219451364319472
0.8233430710309092
0.8247410056298712
0.8261389402288332
0.8275368748277951
0.8289348094267571
0.8303327440257191
0.8317306786246811
0.8331286132236431
0.834526547822605
0.835924482421567
0.837325271962458
0.838726061421833
0.8401268509558221
0.8415276404209601
0.8429284298860981
0.8443292193512361
0.8457300088163741
0.847130798281512
0.84853158774665
0.849932377211788
0.851333166676926
0.852733956142064
0.854134745607202
0.85553553507234
0.856936324537478
0.8583361251494018
0.8597359259848265
0.8611357265715123
0.862535527158198
0.8639353277448838
0.8653351283315696
0.8667349289182553
0.8681347295049411
0.8695345300916268
0.8709343306783126
0.8723341312649984
0.8737339318516841
0.8751337324383699
0.8765335330250557
0.8779333336117414
0.8793321354346945
0.8807309373719124
0.8821297391618381
0.8835285411616616
0.884927343161485
0.8863261451613085
0.8877249471611319
0.8891237491609554
0.8905225511607788
0.8919213531606023
0.8933201551604257
0.8947189571602492
0.8961177591600726
0.8975165611598961
0.8989153631597195
0.9003131935945121
0.9017110241523606
0.9031088547640035
0.9045066853641867
0.905904515956299
0.9073023465484112
0.9087001771405235
0.9100980077326358
0.9114958383247481
0.9128936689168604
0.9142914995089727
0.915689330101085
0.9170871606931973
0.9184849912853096
0.993709359582952
1.067231522203574
1.1407536851997646
1.2142758481402205
1.2877980110806764
1.3613201740211323
1.4348423369615881
1.508364499902044
1.5818866628425
1.6554088257829558
1.7289309887234117
1.8024531516638675
1.8759753146043234
1.9494974775447793
2.023019640485235
2.096541803425691
2.172656756958104
2.2487717099498674
2.324886662919771
2.4010016158896743
2.4771165688595778
2.553231521829481
2.6293464747993847
2.705461427769288
2.7815763807391916
2.857691333709095
2.9338062866789985
3.009921239648902
3.0860361926188054
3.162151145588709
3.2382660985586122
3.3217917115753837
3.405317324761781
3.488842937873288
3.5723685508495278
3.655894163825767
3.7394197768020065
3.822945389778246
3.9064710027544853
3.9899966157307247
4.073522228706964
4.1570478416832035
4.240573454659443
4.324099067635682
4.407624680611922
4.491150293588161
4.574559930089948
4.657969566709529
4.7413792032964235
4.824788839860246
4.908198476447141
4.9916081130109635
5.075017749597858
5.158427386161681
5.241837022748576
5.325246659312398
5.408656295899293
5.492065932463116
5.575475569050011
5.658885205613833
5.742294842200728
5.817947675703823
5.893600508932809
5.9692533420281055
6.044906175123402
6.120559008218699
6.196211841313995
6.271864674409292
6.347517507504588
6.423170340599885
6.498823173695182
6.574476006790478
6.650128839885775
6.725781672981071
6.801434506076368
6.8770873391716645
6.951754828967587
7.026422318881148
7.1010898087169485
7.175757298699916
7.2504247885357165
7.325092278518684
7.3997597683544845
7.474427258337452
7.549094748173252
7.62376223815622
7.69842972799202
7.773097217974988
7.847764707810788
7.922432197793756
7.997099687629556
8.071102237853326
8.145104788116047
8.219107338526513
8.293109888936979
8.367112439347444
8.44111498975791
8.515117540168376
8.589120090578842
8.663122640989307
8.737125191399773
8.811127741810239
8.885130292220705
8.95913284263117
9.033135393041636
9.107137943452102
9.181428759741756
9.255719575946594
9.330010392010442
9.404301208180824
9.47859202433466
9.5528828405948
9.627173656765182
9.701464472919017
9.775755289179157
9.85004610534954
9.924336921503375
9.998627737763515
10.072918553933897
10.147209370087733
10.221500186347873
10.296610922293349
10.371721658191651
10.446832393956988
10.521943129722326
10.597053865487663
10.672164601253
10.747275337018337
10.822386072783674
10.897496808549011
10.972607544314348
11.047718280079685
11.122829015845022
11.19793975161036
11.273050487375697
11.348161223141034
11.423368997978889
11.498576772817898
11.573784547793451
11.648992322734186
11.724200097606664
11.799407872582217
11.874615647522951
11.94982342239543
12.025031197370982
12.100238972311717
12.175446747184195
12.250654522159747
12.325862297100482
12.40107007197296
12.476277846948513
12.550874624889582
12.625471402964894
12.700068180835618
12.774664958706342
12.849261736577066
12.92385851444779
12.998455292318514
13.073052070189238
13.147648848059962
13.222245625930686
13.29684240380141
13.371439181672134
13.446035959542858
13.520632737413582
13.595229515284306
13.683266770944662
13.771304026487151
13.859341282095231
13.947378537798782
14.035415793406862
14.123453049110413
14.211490304718494
14.299527560422044
14.387564816030125
14.475602071733675
14.563639327341756
14.651676583045306
14.739713838653387
14.827751094356938
14.915788349965018
14.99179751202429
15.067806674216188
15.143815836463977
15.21982499897834
15.295834161492701
15.371843324007063
15.447852486521425
15.523861649035787
15.599870811550149
15.675879974064511
15.751889136578873
15.827898299093235
15.903907461607597
15.979916624121959
16.055925786636323
16.131406093693332
16.206886400944867
16.282366707894067
16.357847014843266
16.433327321792465
16.508807628741664
16.584287935690863
16.659768242640062
16.73524854958926
16.81072885653846
16.88620916348766
16.96168947043686
17.037169777386058
17.112650084335257
17.188130391284457
17.264573946366433
17.341017501427974
17.417461056444306
17.49390461146064
17.570348166476972
17.646791721493305
17.723235276509637
17.79967883152597
17.876122386542303
17.952565941558635
18.029009496574968
18.1054530515913
18.181896606607634
18.258340161623966
18.3347837166403
18.408779626375022
18.482775536438695
18.55677144650525
18.630767356571802
18.704763266638356
18.77875917670491
18.852755086771463
18.926750996838017
19.00074690690457
19.074742816971124
19.148738727037678
19.22273463710423
19.296730547170785
19.37072645723734
19.444722367303893
19.519822354204074
19.594922340895266
19.670022327537026
19.745122314178786
19.820222300820546
19.895322287462307
19.970422274104067
20.045522260745827
20.120622247387587
20.195722234029347
20.270822220671107
20.345922207312867
20.421022193954627
20.496122180596387
20.571222167238147
20.64634890367062
20.72147564030019
20.796602376836592
20.871729113336535
20.946855849836478
21.02198258633642
21.097109322836364
21.172236059336306
21.24736279583625
21.322489532336192
21.397616268836135
21.472743005336078
21.54786974183602
21.622996478335963
21.698123214835906
21.773617236152354
21.849111257369785
21.924605278605277
22.00009929984077
22.075593321076262
22.151087342311754
22.226581363547247
22.30207538478274
22.37756940601823
22.453063427253724
22.528557448489217
22.60405146972471
22.6795454909602
22.755039512195694
22.830533533431186
22.90576142173049
22.980989310241018
23.056217198751547
23.131445087262076
23.206672975772605
23.281900864283134
23.357128752793663
23.432356641304192
23.50758452981472
23.58281241832525
23.65804030683578
23.73326819534631
23.808496083856838
23.883723972367367
23.958951860877896
24.032376236426924
24.105800612264108
24.179224988012795
24.252649364041307
24.326073739789994
24.399498115818506
24.472922491567193
24.546346867595705
24.619771243344392
24.693195619372904
24.76661999512159
24.840044371150103
24.91346874689879
24.986893122927302
25.06031749867599
25.143647692707415
25.226977886615572
25.31030808063262
25.39363827453563
25.476968468552677
25.560298662455686
25.643628856472734
25.726959050375743
25.81028924439279
25.8936194382958
25.97694963231285
26.060279826215858
26.143610020232906
26.226940214135915
26.310270408152963
26.311665877157733
26.313061346296976
26.314456815381064
26.31585228450391
26.31724775362676
26.318643222749607
26.320038691872455
26.321434160995302
26.32282963011815
26.324225099240998
26.325620568363846
26.327016037486693
26.32841150660954
26.32980697573239
26.331202444855236
26.332598391051786
26.333994337001457
26.335390282944914
26.336786228982003
26.338182175019092
26.33957812105618
26.34097406709327
26.34237001313036
26.34376595916745
26.345161905204538
26.346557851241627
26.347953797278716
26.349349743315805
26.350745689352895
26.352141635389984
26.353536074084513
26.354930512762962
26.356324951318527
26.357719389983746
26.359113828648965
26.360508267314184
26.361902705979404
26.363297144644623
26.364691583309842
26.36608602197506
26.36748046064028
26.3688748993055
26.37026933797072
26.371663776635938
26.373058215301157
26.374451862285976
26.37584550920587
26.37723915613352
26.37863280300373
26.380026449873938
26.381420096744147
26.382813743614356
26.384207390484566
26.385601037354775
26.386994684224984
26.388388331095193
26.389781977965402
26.39117562483561
26.39256927170582
26.39395688503384
26.395344913756603
26.396732942515257
26.398120971183967
26.399508999877057
26.400897028570146
26.402285057263235
26.403673085956324
26.405061114649413
26.406449143342503
26.407837172035592
26.40922520072868
26.41061322942177
26.41200125811486
26.41338928680795
26.414777315501038
26.416164654987526
26.417551994452403
26.418939333942156
26.420326673467248
26.42171401299234
26.42310135251743
26.424488692042523
26.425876031567615
26.427263371092707
26.4286507106178
26.43003805014289
26.431425389667982
26.432812729193074
26.434200068718166
26.435587408243258
26.43697611361084
26.43836481885056
26.439753524065793
26.441142229073954
26.442530934082114
26.443919639090275
26.445308344098436
26.446697049106596
26.448085754114757
26.449474459122918
26.45086316413108
26.45225186913924
26.4536405741474
26.45502927915556
26.45641798416372
26.45780037804128
26.45918277209991
26.46056516622705
26.461947560328205
26.463329954561818
26.46471234865081
26.466094742751967
26.46747713698558
26.46885953107457
26.470241925175728
26.47162431940934
26.473006713498332
26.47438910759949
26.4757715018331
26.477153895922093
26.478537624156974
26.479921352481444
26.481305080720738
26.482688808911394
26.48407253710205
26.485456265292708
26.486839993483365
26.48822372167402
26.48960744986468
26.490991178055335
26.492374906245992
26.49375863443665
26.495142362627305
26.496526090817962
26.49790981900862
26.499287913786567
26.500666008496072
26.50204410303344
26.50342219757081
26.50480029210818
26.506178386645548
26.507556481182917
26.508934575720286
26.510312670257655
26.511690764795024
26.513068859332392
26.51444695386976
26.51582504840713
26.5172031429445
26.518581237481868
26.519962009958743
26.52134278271763
26.522723555590307
26.524104328462986
26.525485101335665
26.526865874208344
26.528246647081023
26.5296274199537
26.53100819282638
26.53238896569906
26.53376973857174
26.535150511444417
26.536531284317096
26.537912057189775
26.539292830062454
26.540673543880352
26.54205425792951
26.54343497178349
26.54481568580399
26.54619639982449
26.547577113844987
26.548957827865486
26.550338541885985
26.551719255906484
26.553099969926983
26.55448068394748
26.55586139796798
26.55724211198848
26.55862282600898
26.560003540029477
26.561380612140784
26.562757684345637
26.564134756529903
26.56551182871417
26.566888900898434
26.5682659730827
26.569643045266965
26.57102011745123
26.572397189635495
26.57377426181976
26.575151334004026
26.57652840618829
26.577905478372557
26.579282550556822
26.580659622741088
26.58203704537413
26.583414467879646
26.584791890286734
26.586169312693823
26.58754673510091
26.588924157508
26.59030157991509
26.591679002322177
26.593056424729266
26.594433847136354
26.595811269543443
26.59718869195053
26.59856611435762
26.59994353676471
26.601320959171797
26.60269858265987
26.60407620625527
26.605453829737236
26.6068314532192
26.608209076701165
26.60958670018313
26.610964323665094
26.61234194714706
26.613719570629023
26.615097194110987
26.61647481759295
26.617852441074916
26.61923006455688
26.620607688038845
26.62198531152081
26.623363864088805
26.62474241647342
26.626120969033565
26.6274995214698
26.628878074007837
26.63025662647263
26.631635178735753
26.63301373098036
26.634392283448495
26.63577083598653
26.637149388451324
26.638527940714447
26.639906492959053
26.64128504542719
26.642663597965225
26.64404249356576
26.645421389270883
26.646800284895782
26.648179180611788
26.649558076327793
26.650936972043798
26.652315867759803
26.65369476347581
26.655073659191814
26.65645255490782
26.657831450623824
26.65921034633983
26.660589242055835
26.66196813777184
26.663347033487845
26.664725626041605
26.666104218666092
26.667482811271398
26.668861404127686
26.67023999689621
26.671618589501517
26.672997182357804
26.67437577512633
26.675754367731635
26.677132960587922
26.678511553356447
26.679890145961753
26.68126873881804
26.682647331586566
26.68402592419187
26.685404059984794
26.686782195708886
26.688160331340953
26.68953846701854
26.690916602696127
26.692294738373715
26.693672874051302
26.69505100972889
26.696429145406476
26.697807281084064
26.69918541676165
26.700563552439238
26.701941688116825
26.703319823794413
26.704697959472
26.706080336667476
26.707462713788946
26.70884509099535
26.710227468201754
26.71160984540816
26.712992222614563
26.714374599820967
26.71575697702737
26.717139354233776
26.71852173144018
26.719904108646585
26.72128648585299
26.722668863059393
26.724051240265798
26.725433617472202
26.726812393424076
26.728191169399032
26.729569945460497
26.730948721521962
26.732327497583427
26.73370627364489
26.735085049706356
26.73646382576782
26.737842601829286
26.73922137789075
26.740600153952215
26.74197893001368
26.743357706075145
26.74473648213661
26.746115258198074
26.747492354552122
26.74886945088034
26.750246547183806
26.751623643520084
26.75300073985636
26.75437783619264
26.755754932528916
26.757132028865193
26.75850912520147
26.759886221537748
26.761263317874025
26.762640414210303
26.76401751054658
26.765394606882857
26.766771703219135
26.768153889512515
26.76953607581215
26.770918262090312
26.772300448368473
26.773682634646633
26.775064820924793
26.776447007202954
26.777829193481114
26.779211379759275
26.780593566037435
26.781975752315596
26.783357938593756
26.784740124871917
26.786122311150077
26.787504497428237
26.788883539291632
26.790262581132254
26.79164162314344
26.79302066504366
26.794399706943878
26.795778748844096
26.797157790744315
26.798536832644533
26.79991587454475
26.80129491644497
26.80267395834519
26.804053000245407
26.805432042145625
26.806811084045844
26.808190125946062
26.80957133380974
26.81095254174627
26.81233374957909
26.813714957411907
26.815096165244725
26.816477373077543
26.81785858091036
26.81923978874318
26.820620996575997
26.822002204408815
26.823383412241633
26.82476462007445
26.82614582790727
26.827527035740086
26.828908243572904
26.830287042800837
26.83166584202807
26.833044641218244
26.83442344040842
26.835802239598593
26.837181038788767
26.83855983797894
26.839938637169116
26.84131743635929
26.842696235549464
26.84407503473964
26.845453833929813
26.846832633119988
26.848211432310162
26.849590231500336
26.850968502048755
26.85234677241015
26.8537250429109
26.855103313411647
26.856481583912394
26.857859854413142
26.85923812491389
26.860616395414638
26.861994665915386
26.863372936416134
26.864751206916882
26.86612947741763
26.867507747918378
26.868886018419126
26.870264288919874
26.871644666260128
26.873025043773033
26.874405421274684
26.875785798607406
26.87716617594013
26.87854655327285
26.879926930605574
26.881307307938297
26.88268768527102
26.884068062603742
26.885448439936464
26.886828817269187
26.88820919460191
26.889589571934632
26.890969949267355
26.8923517679883
26.893733586775365
26.89511540537045
26.896497223965536
26.89787904256062
26.899260861155707
26.900642679750792
26.902024498345877
26.903406316940963
26.904788135536048
26.906169954131133
26.90755177272622
26.908933591321304
26.91031540991639
26.911697228511475
26.91307843439497
26.914459640463456
26.91584084655103
26.91722205259825
26.918603258645472
26.919984464692693
26.921365670739913
26.922746876787134
26.924128082834354
26.925509288881575
26.926890494928795
26.928271700976016
26.929652907023236
26.931034113070456
26.932415319117677
