0.0013904639464730705
0.0027809278740745756
0.004171391663240305
0.005561855257283136
0.006952319170030251
0.00834278309763152
0.00973324669167435
0.011123710604421466
0.012514174532022734
0.013904638126065565
0.01529510203881268
0.01668556596641395
0.01807602956045678
0.019466493473203894
0.020856957400805162
0.022247986947451323
0.023639016759282885
0.025030046395947452
0.026421075932493696
0.02781210546903994
0.029203135005586182
0.030594164542132426
0.03198519407867867
0.03337622361522491
0.03476725315177115
0.03615828268831739
0.03754931222486363
0.03894034176140987
0.04033137129795611
0.04172240083450235
0.04311486271373012
0.04450732461435935
0.04589978653962235
0.04729224852287203
0.048684710304785925
0.05007717213772054
0.05146963412097022
0.05286209590288411
0.05425455773581873
0.05564701971906841
0.0570394815009823
0.058431943333916915
0.059824405317166596
0.06121686709908049
0.06260932893201511
0.06400231964648004
0.06539531045192619
0.0667883011259092
0.06818129172192615
0.0695742823179431
0.07096727291396006
0.07236026350997701
0.07375325410599397
0.07514624470201092
0.07653923529802788
0.07793222589404483
0.07932521649006179
0.08071820708607874
0.0821111976820957
0.08350418827811265
0.08489917757580163
0.08629416697963838
0.08768915610879184
0.08908414547775767
0.0904791348467235
0.09187412421568933
0.09326911358465516
0.09466410295362099
0.09605909232258682
0.09745408169155265
0.09884907106051848
0.1002440604294843
0.10163904979845013
0.10303403916741596
0.1044290285363818
0.10582378388676501
0.1072185394329007
0.10861329507795331
0.11000805063743412
0.11140280619691492
0.11279756175639573
0.11419231731587653
0.11558707287535734
0.11698182843483815
0.11837658399431895
0.11977133955379976
0.12116609511328057
0.12256085067276137
0.12395560623224218
0.125350361791723
0.12674367371439385
0.12813698583364477
0.12953029802069846
0.1309236101148221
0.13231692220894573
0.13371023430306936
0.135103546397193
0.13649685849131662
0.13789017058544026
0.1392834826795639
0.14067679477368752
0.14207010686781116
0.1434634189619348
0.14485673105605842
0.14625004315018206
0.14764470126330909
0.14903935932731532
0.15043401740080342
0.15182867545484105
0.15322333350887868
0.1546179915629163
0.15601264961695394
0.15740730767099156
0.1588019657250292
0.16019662377906682
0.16159128183310445
0.16298593988714208
0.1643805979411797
0.16577525599521734
0.16716991404925496
0.16856311649121306
0.16995631904023914
0.1713495216971376
0.17274272413829034
0.17413592657944307
0.1755291290205958
0.17692233146174854
0.17831553390290128
0.17970873634405402
0.18110193878520675
0.1824951412263595
0.18388834366751222
0.18528154610866496
0.1866747485498177
0.18806795099097043
0.18946208959539154
0.190856228115642
0.19225036658092592
0.19364450504620984
0.19503864351149375
0.19643278197677766
0.19782692044206157
0.19922105890734548
0.2006151973726294
0.2020093358379133
0.20340347430319722
0.20479761276848113
0.20619175123376504
0.20758588969904895
0.20898002816433286
0.21037258877097384
0.21176514957593837
0.21315771034360026
0.21455027099023927
0.21594283163687827
0.21733539228351728
0.2187279529301563
0.2201205135767953
0.2215130742234343
0.2229056348700733
0.22429819551671232
0.22569075616335132
0.22708331680999033
0.22847587745662934
0.22986843810326835
0.23126290681430772
0.23265737550811205
0.23405184416938482
0.23544631287588352
0.23684078158238223
0.23823525028888093
0.23962971899537963
0.24102418770187833
0.24241865640837704
0.24381312511487574
0.24520759382137444
0.24660206252787314
0.24799653123437185
0.24939099994087055
0.2507854686473692
0.252178311761163
0.25357115507426947
0.2549639982454551
0.25635684154521277
0.2577496848449704
0.25914252814472805
0.2605353714444857
0.2619282147442433
0.26332105804400097
0.2647139013437586
0.26610674464351625
0.2674995879432739
0.2688924312430315
0.27028527454278917
0.2716781178425468
0.27307283054453413
0.2744675429693011
0.2758622556883343
0.27725696846669057
0.27865168124504686
0.28004639402340314
0.28144110680175943
0.2828358195801157
0.284230532358472
0.2856252451368283
0.2870199579151846
0.2884146706935409
0.28980938347189716
0.29120409625025345
0.29259880902860974
0.2939950600798324
0.29539131099280747
0.29678756187288385
0.2981838127999234
0.29958006372696294
0.3009763146540025
0.30237256558104203
0.3037688165080816
0.3051650674351211
0.30656131836216066
0.3079575692892002
0.30935382021623975
0.3107500711432793
0.31214632207031884
0.3135425729973584
0.31493768871786443
0.3163328045542235
0.31772792032689023
0.31912303609955694
0.32051815187222366
0.32191326764489037
0.3233083834175571
0.3247034991902238
0.3260986149628905
0.3274937307355572
0.3288888465082239
0.33028396228089063
0.33167907805355734
0.33307419382622405
0.33446930959889076
0.3358657555547243
0.3372622014577408
0.33865864745627716
0.34005509348770746
0.34145153951913776
0.34284798555056806
0.34424443158199836
0.34564087761342865
0.34703732364485895
0.34843376967628925
0.34983021570771955
0.35122666173914985
0.35262310777058015
0.35401955380201044
0.35541599983344074
0.35681217099796136
0.3582083423612062
0.3596045135606118
0.3610006847253618
0.3623968558901118
0.3637930270548618
0.36518919821961177
0.36658536938436176
0.36798154054911175
0.36937771171386174
0.37077388287861174
0.37217005404336173
0.3735662252081117
0.3749623963728617
0.3763585675376117
0.37775510331895834
0.3791516389406554
0.38054817479898784
0.3819447106308771
0.38334124646276635
0.3847377822946556
0.38613431812654486
0.3875308539584341
0.3889273897903234
0.39032392562221263
0.3917204614541019
0.39311699728599114
0.3945135331178804
0.39591006894976966
0.3973066047816589
0.3987023484188342
0.4000980920813273
0.40149383582002185
0.40288957948068677
0.4042853231413517
0.4056810668020166
0.4070768104626815
0.40847255412334643
0.40986829778401135
0.41126404144467626
0.4126597851053412
0.4140555287660061
0.415451272426671
0.41684701608733593
0.41824275974800085
0.4196395787831649
0.4210363977221732
0.42243321643788845
0.4238300352431482
0.425226854048408
0.42662367285366776
0.4280204916589275
0.4294173104641873
0.43081412926944707
0.43221094807470684
0.4336077668799666
0.4350045856852264
0.43640140449048614
0.4377982232957459
0.4391950421010057
0.4405924008439274
0.44198975938387675
0.4433871180019271
0.44478447661997744
0.4461818352380278
0.44757919385607814
0.4489765524741285
0.45037391109217884
0.4517712697102292
0.45316862832827953
0.4545659869463299
0.45596334556438023
0.4573607041824306
0.4587580628004809
0.4601554214185313
0.46155210537949565
0.46294878925166877
0.4643454729830704
0.4657421567065294
0.46713884042998843
0.46853552415344746
0.4699322078769065
0.4713288916003655
0.47272557532382453
0.47412225904728356
0.4755189427707426
0.4769156264942016
0.47831231021766063
0.47970899394111965
0.4811056776645787
0.4825003674472475
0.48389505713696607
0.4852897469856123
0.48668443662722
0.4880791262688277
0.48947381591043543
0.49086850555204314
0.49226319519365086
0.4936578848352586
0.4950525744768663
0.496447264118474
0.4978419537600817
0.49923664340168944
0.5006313330432971
0.5020260226849048
0.5034223864416894
0.504818750069569
0.5062151135912122
0.5076114772146939
0.5090078408381756
0.5104042044616574
0.5118005680851391
0.5131969317086208
0.5145932953321025
0.5159896589555842
0.517386022579066
0.5187823862025477
0.5201787498260294
0.5215751134495111
0.5229714770729929
0.5243703529796959
0.5257692287901138
0.527168104793692
0.5285669804557296
0.5299658561177671
0.5313647317798047
0.5327636074418423
0.5341624831038798
0.5355613587659174
0.5369602344279549
0.5383591100899925
0.53975798575203
0.5411568614140676
0.5425557370761052
0.5439546127381427
0.5453592865859687
0.5467639604069148
0.5481686343083061
0.549573308256473
0.5509779822046399
0.5523826561528068
0.5537873301009737
0.5551920040491406
0.5565966779973075
0.5580013519454744
0.5594060258936413
0.5608106998418082
0.5622153737899751
0.563620047738142
0.5650247216863089
0.5664274738719993
0.5678302261760418
0.569232978415952
0.5706357306558622
0.5720384828957723
0.5734412351356825
0.5748439873755926
0.5762467396155028
0.5776494918554129
0.5790522440953231
0.5804549963352332
0.5818577485751434
0.5832605008150535
0.5846632530549637
0.5860660052948738
0.5874679981240913
0.5888699907549745
0.590271983389293
0.5916739760236115
0.59307596865793
0.5944779612922485
0.595879953926567
0.5972819465608855
0.598683939195204
0.6000859318295225
0.601487924463841
0.6028899170981595
0.604291909732478
0.6056939023667965
0.607095895001115
0.6084998700234692
0.6099038450450559
0.6113078202496415
0.6127117953428777
0.6141157704361139
0.6155197455293501
0.6169237206225863
0.6183276957158225
0.6197316708090587
0.6211356459022949
0.6225396209955311
0.6239435960887673
0.6253475711820035
0.6267515462752397
0.6281555213684759
0.6295594527780913
0.6309633842843159
0.6323673157264733
0.6337712471686308
0.6351751786107882
0.6365791100529457
0.6379830414951031
0.6393869729372605
0.640790904379418
0.6421948358215754
0.6435987672637329
0.6450026987058903
0.6464066301480478
0.6478105615902052
0.6492144930323627
0.6506177447094624
0.6520209963001785
0.653424247889663
0.6548274994791475
0.656230751068632
0.6576340026581166
0.6590372542476011
0.6604405058370856
0.6618437574265701
0.6632470090160546
0.6646502606055391
0.6660535121950236
0.6674567637845081
0.6688600153739926
0.6702632669634772
0.6716669080176041
0.673070548902731
0.6744741899189493
0.6758778307984996
0.67728147167805
0.6786851125576003
0.6800887534371507
0.6814923943167011
0.6828960351962514
0.6842996760758018
0.6857033169553521
0.6871069578349025
0.6885105987144529
0.6899142395940032
0.6913178804735536
0.692722293188158
0.6941267058719833
0.6955311186659195
0.6969355313964997
0.6983399441270798
0.6997443568576599
0.70114876958824
0.7025531823188201
0.7039575950494003
0.7053620077799804
0.7067664205105605
0.7081708332411406
0.7095752459717207
0.7109796587023008
0.712384071432881
0.7137874381633362
0.7151908052296396
0.7165941723515334
0.7179975393007083
0.7194009061845817
0.7208042730599766
0.7222076400091515
0.7236110068930249
0.7250143737684198
0.7264177407175947
0.7278211076014681
0.729224474476863
0.7306278414260379
0.7320312083099113
0.7334345751853062
0.7348376827565604
0.7362407905574275
0.7376438985089512
0.7390470063679294
0.7404501142269077
0.7418532220858859
0.7432563299448641
0.7446594378038424
0.7460625456628206
0.7474656535217988
0.7488687613807771
0.7502718692397553
0.7516749770987335
0.7530780849577118
0.75448119281669
0.755884459166577
0.7572877253073915
0.758690991465371
0.7600942576233505
0.76149752378133
0.7629007899393094
0.7643040560972889
0.7657073222552684
0.7671105884132479
0.7685138545712273
0.7699171207292068
0.7713203868871863
0.7727236530451658
0.7741269192031452
0.7755301853611247
0.7769353154257925
0.7783404455661466
0.7797455756367571
0.7811507058097596
0.7825558359827622
0.7839609661557648
0.7853660963287674
0.78677122650177
0.7881763566747726
0.7895814868477752
0.7909866170207778
0.7923917471937804
0.793796877366783
0.7952020075397855
0.7966071377127881
0.7980125274390888
0.7994179170888474
0.8008233066227466
0.8022286962654593
0.8036340859081721
0.8050394755508848
0.8064448651935976
0.8078502548363103
0.8092556444790231
0.8106610341217358
0.8120664237644486
0.8134718134071613
0.8148772030498741
0.8162825926925869
0.8176879823352996
0.8190896875169188
0.820491392796177
0.8218930979651844
0.8232948032015771
0.8246965084379698
0.8260982136743625
0.8274999189107552
0.828901624147148
0.8303033293835407
0.8317050346199334
0.8331067398563261
0.8345084450927188
0.8359101503291115
0.8373118555655042
0.838713560801897
0.8401177136555388
0.8415218661765316
0.8429260187542227
0.8443301713319138
0.8457343239096049
0.847138476487296
0.8485426290649871
0.8499467816426782
0.8513509342203693
0.8527550867980604
0.8541592393757516
0.8555633919534427
0.8569675445311338
0.8583716971088249
0.859775849686516
0.8611791546246724
0.8625824594166467
0.8639857643991959
0.8653890693817452
0.8667923743642945
0.8681956793468437
0.869598984329393
0.8710022893119422
0.8724055942944915
0.8738088992770408
0.87521220425959
0.8766155092421393
0.8780188142246885
0.8794221192072378
0.880825424189787
0.8822278725869089
0.8836303213599661
0.885032770010348
0.8864352186088571
0.8878376672073662
0.8892401158058754
0.8906425644043845
0.8920450130028936
0.8934474616014028
0.8948499101999119
0.896252358798421
0.8976548073969302
0.8990572559954393
0.9004597045939484
0.9018621531924575
0.9032637692381105
0.9046653852445935
0.906067001313749
0.9074686175465553
0.9088702333817251
0.910271849216895
0.9116734650520648
0.9130750808872347
0.9144766967224045
0.9158783125575743
0.9172799283927442
0.918681544227914
0.9200831600630839
0.9214847758982537
1.0288177313984475
1.1253774159542518
1.22193710041673
1.3184967851925096
1.415056469968289
1.5116161547440685
1.608175839519848
1.7047355242956275
1.801295209071407
1.8978548938471864
1.994414578622966
2.0909742633987456
2.1875339481745253
2.284093632950305
2.3806533177260847
2.4772130025018644
2.584536509073946
2.6918600155374612
2.799183522001638
2.906507028465815
3.013830534929992
3.1211540413941687
3.2284775478583456
3.3358010543225225
3.4431245607866994
3.5504480672508762
3.657771573715053
3.76509508017923
3.872418586643407
3.9797420931075838
4.08706559957176
4.182513135264734
4.277960671240773
4.373408207408545
4.4688557433771505
4.564303279345756
4.659750815314362
4.755198351282967
4.850645887251573
4.946093423220178
5.041540959188784
5.136988495157389
5.232436031125995
5.3278835670946005
5.423331103063206
5.518778639031812
5.61412786004369
5.709477081120659
5.804826302249212
5.90017552332915
5.995524744457702
6.09087396553764
6.186223186666193
6.281572407746131
6.376921628874683
6.472270849954621
6.567620071083174
6.662969292163112
6.758318513291664
6.853667734371602
6.949016955500155
7.056369952790301
7.16372295013186
7.271075947495016
7.378428944858173
7.485781942221329
7.593134939584485
7.700487936947641
7.807840934310797
7.9151939316739535
8.02254692903711
8.129899926400267
8.237252923763423
8.344605921126579
8.451958918489735
8.559311915852891
8.656729382357568
8.754146848891
8.851564315254516
8.948981781547653
9.046399247911168
9.143816714204306
9.24123418056782
9.338651646860958
9.436069113224473
9.53348657951761
9.630904045881126
9.728321512174263
9.825738978537778
9.923156444830916
10.02057391119443
10.117496765779972
10.214419620334672
10.311342474800265
10.408265329265857
10.50518818373145
10.602111038197043
10.699033892662635
10.795956747128228
10.89287960159382
10.989802456059413
11.086725310525006
11.183648164990599
11.280571019456191
11.377493873921784
11.474416728387377
11.571548034948997
11.668679341489158
11.765810648132906
11.862941954799828
11.960073261401988
12.057204568010741
12.154335874677663
12.251467181279823
12.348598487888577
12.445729794555499
12.542861101157659
12.639992407766412
12.737123714433334
12.834255021035494
12.931386327644248
13.038925606827874
13.146464885968609
13.254004165234115
13.36154344449962
13.469082723765126
13.576622003030632
13.684161282296138
13.791700561561644
13.89923984082715
14.006779120092656
14.114318399358162
14.221857678623667
14.329396957889173
14.43693623715468
14.544475516420185
14.652023124652992
14.759570732994622
14.867118341216994
14.974665949426354
15.082213557682481
15.189761165904853
15.297308774114214
15.40485638237034
15.512403990592713
15.619951598802073
15.7274992070582
15.835046815280572
15.942594423489933
16.05014203174606
16.15768963996843
16.255053384437268
16.35241712895253
16.44978087347292
16.54714461799331
16.6445083625137
16.74187210703409
16.83923585155448
16.93659959607487
17.03396334059526
17.13132708511565
17.22869082963604
17.32605457415643
17.42341831867682
17.52078206319721
17.6181458077176
17.717168445807758
17.816191083456136
17.91521372108458
18.01423635872306
18.113258996351504
18.212281633989985
18.31130427161843
18.41032690925691
18.509349546885353
18.608372184523834
18.707394822152278
18.806417459790758
18.905440097419202
19.004462735057682
19.103485372686126
19.210798243859266
19.318111114964598
19.425423986198894
19.532736857508464
19.640049728818035
19.747362600127605
19.854675471437176
19.961988342746746
20.069301214056317
20.176614085365888
20.283926956675458
20.39123982798503
20.4985526992946
20.60586557060417
20.71317844191374
20.820512972297095
20.927847502666584
21.03518203298895
21.142516563311315
21.24985109363368
21.357185623956045
21.46452015427841
21.571854684600776
21.67918921492314
21.786523745245507
21.893858275567872
22.001192805890238
22.108527336212603
22.21586186653497
22.323196396857334
22.430555197054023
22.537913997016357
22.645272796933728
22.7526315968511
22.85999039676847
22.96734919668584
23.074707996603212
23.182066796520584
23.289425596437955
23.396784396355326
23.504143196272697
23.611501996190068
23.71886079610744
23.82621959602481
23.93357839594218
24.030496218014925
24.1274140403956
24.22433186267697
24.32124968495834
24.41816750723971
24.515085329521078
24.612003151802448
24.708920974083817
24.805838796365187
24.902756618646556
24.999674440927926
25.096592263209295
25.193510085490665
25.290427907772035
25.387345730053404
25.494884086180264
25.602422442481803
25.709960798807256
25.817499155132708
25.92503751145816
26.032575867783613
26.140114224109066
26.24765258043452
26.35519093675997
26.462729293085424
26.570267649410876
26.67780600573633
26.78534436206178
26.892882718387234
27.000421074712687
27.107961727602646
27.215502380562075
27.323043033543154
27.430583686569022
27.53812433959489
27.64566499262076
27.753205645646627
27.860746298672495
27.968286951698364
28.075827604724232
28.1833682577501
28.29090891077597
28.398449563801837
28.505990216827705
28.613530869853573
28.720866868393923
28.828202866694344
28.93553886503358
29.042874863372813
29.150210861712047
29.25754686005128
29.364882858390516
29.47221885672975
29.579554855068984
29.68689085340822
29.794226851747453
29.901562850086687
30.008898848425922
30.116234846765156
30.22357084510439
30.330904164766174
30.438237484271866
30.545570803777558
30.65290412328325
30.76023744278894
30.867570762294633
30.974904081800325
31.082237401306017
31.18957072081171
31.2969040403174
31.404237359823092
31.511570679328784
31.618903998834476
31.726237318340168
31.83357063784586
31.93005646019705
32.026542282662795
32.12302810518403
32.219513927683394
32.315999750204625
32.41248557270399
32.508971395225224
32.60545721772459
32.70194304024582
32.79842886274519
32.89491468526642
32.99140050776579
33.08788633028702
33.18437215278639
33.28085797530762
33.376141450613815
33.47142492615328
33.56670840171321
33.66199187712105
33.75727535268097
33.85255882808881
33.947842303648734
34.043125779056574
34.1384092546165
34.23369273002434
34.32897620558426
34.4242596809921
34.519543156552025
34.614826631959865
34.71011010751979
34.71150969847398
34.71290928971982
34.71430888070879
34.71570847201999
34.71710806333119
34.71850765464239
34.719907245953586
34.721306837264784
34.72270642857598
34.72410601988718
34.72550561119838
34.72690520250958
34.728304793820776
34.729704385131974
34.73110397644317
34.73250397657376
34.73390397671163
34.73530397685129
34.73670397699095
34.73810397713061
34.739503977270275
34.740903977409936
34.7423039775496
34.74370397768926
34.74510397782892
34.74650397796858
34.74790397810824
34.7493039782479
34.75070397838756
34.752103978527224
34.753502686030984
34.75490139341644
34.75630010099917
34.7576988085819
34.75909751616463
34.76049622374736
34.76189493133009
34.76329363891282
34.76469234649555
34.76609105407828
34.76748976166101
34.76888846924374
34.77028717682647
34.7716858844092
34.77308459199193
34.774482620389364
34.77588064891681
34.77727867734602
34.778676705775226
34.78007473420443
34.78147276263364
34.78287079106285
34.784268819492056
34.78566684792126
34.78706487635047
34.78846290477968
34.789860933208885
34.79125896163809
34.7926569900673
34.7940501593976
34.79544368490222
34.79683721032842
34.79823073586906
34.799624261346814
34.801017786824566
34.80241131230232
34.80380483778007
34.80519836325782
34.806591888735575
34.80798541421333
34.80937893969108
34.81077246516883
34.812165990646584
34.813559516124336
34.81495304160209
34.81634597615179
34.817738910708734
34.819131845364396
34.820524779734214
34.82191771410403
34.82331064847385
34.82470358284367
34.826096517213486
34.827489451583304
34.82888238595312
34.83027532032294
34.83166825469276
34.833061189062576
34.834454123432394
34.83584705780221
34.83724116366217
34.83863526952573
34.84002937529636
34.84142348093256
34.84281758656876
34.844211692204965
34.845605797841166
34.84699990347737
34.84839400911357
34.84978811474977
34.85118222038597
34.852576326022174
34.853970431658375
34.85536453729458
34.85675864293078
34.858147323934254
34.85953600506646
34.86092468622151
34.862313367442724
34.86370204867873
34.86509072983354
34.866479411054755
34.86786809229076
34.86925677344557
34.870645454666786
34.872034135902794
34.8734228170576
34.87481149827882
34.876200179514825
34.87758886066963
34.87897869337828
34.880368525839
34.881758358628396
34.883148191276284
34.88453802392417
34.88592785657206
34.88731768921995
34.888707521867836
34.890097354515724
34.89148718716361
34.8928770198115
34.89426685245939
34.89565668510728
34.897046517755165
34.89843635040305
34.89982130044029
34.90120625040558
34.90259120040787
34.90397615041016
34.90536110041245
34.90674605041474
34.90813100041703
34.90951595041932
34.91090090042161
34.9122858504239
34.91367080042619
34.91505575042848
34.91644070043077
34.91782565043306
34.91921060043535
34.920597874438585
34.921985148687
34.92337242303612
34.92475969738524
34.92614697173436
34.92753424608348
34.9289215204326
34.93030879478172
34.931696069130844
34.933083343479964
34.934470617829085
34.935857892178205
34.937245166527326
34.93863244087645
34.94001971522557
34.94140693852502
34.942794161904196
34.94418138523453
34.94556860862049
34.94695583200645
34.948343055392414
34.949730278778375
34.95111750216434
34.9525047255503
34.95389194893626
34.95527917232222
34.95666639570818
34.958053619094144
34.959440842480106
34.96082806586607
34.9622121221572
34.96359617838869
34.96498023479701
34.96636429120533
34.96774834761365
34.96913240402197
34.97051646043029
34.97190051683861
34.97328457324693
34.97466862965525
34.97605268606357
34.97743674247189
34.97882079888021
34.98020485528853
34.981588911696846
34.98297327441939
34.98435763705073
34.985741999633866
34.987126362217005
34.98851072480014
34.98989508738328
34.99127944996642
34.99266381254956
34.9940481751327
34.995432537715836
34.996816900298974
34.99820126288211
34.99958562546525
35.00096998804839
35.00235435063153
35.0037388888814
35.00512342730954
35.00650796552651
35.00789250374348
35.009277041960445
35.01066158017741
35.01204611839438
35.01343065661135
35.014815194828316
35.01619973304528
35.01758427126225
35.01896880947922
35.02035334769619
35.021737885913154
35.02312242413012
35.02450777405384
35.025893123985746
35.02727847371269
35.02866382361068
35.03004917334948
35.031434523206734
35.032819873133604
35.03420522301692
35.035590572770396
35.0369759225092
35.03836127236645
35.03974662229332
35.041131972176636
35.04251732193011
35.04390267166892
35.045288320878015
35.046673970237556
35.04805961953661
35.049445268762476
35.05083091798834
35.05221656721421
35.053602216440076
35.05498786566594
35.05637351489181
35.05775916411768
35.05914481334354
35.06053046256941
35.06191611179528
35.063301761021144
35.06468741024701
35.066072795166384
35.06745818002858
35.06884356499456
35.07022894981704
35.07161433484955
35.07299971981553
35.07438510463801
35.07577048967052
35.077155874636496
35.07854125945898
35.079926644491486
35.081312029457465
35.08269741427995
35.084082799312455
35.08546818427843
35.08685317011917
35.08823815580085
35.089623141623164
35.09100812732742
35.092393113031676
35.09377809873593
35.09516308444019
35.09654807014444
35.0979330558487
35.099318041552955
35.10070302725721
35.10208801296147
35.10347299866572
35.10485798436998
35.106242970074234
35.10763163660738
35.109020303205995
35.110408969792516
35.11179763637904
35.11318630296556
35.11457496955208
35.1159636361386
35.11735230272512
35.118740969311645
35.12012963589817
35.12151830248469
35.12290696907121
35.12429563565773
35.12568430224425
35.127072968830774
35.12845851365965
35.12984405857696
35.13122960367197
35.13261514876698
35.13400069386199
35.135386238957004
35.136771784052016
35.13815732914703
35.13954287424204
35.14092841933705
35.14231396443206
35.143699509527075
35.145085054622086
35.1464705997171
35.14785614481211
35.14924022226205
35.150624299696474
35.152008377413146
35.15339245501151
35.15477653260988
35.15616061020825
35.15754468780661
35.15892876540498
35.16031284300335
35.16169692060171
35.16308099820008
35.16446507579845
35.16584915339681
35.16723323099518
35.16861730859355
35.17000580952866
35.171394310566086
35.17278281152936
35.17417131249263
35.175559813455905
35.17694831441918
35.17833681538245
35.179725316345724
35.181113817309
35.18250231827227
35.18389081923554
35.185279320198816
35.18666782116209
35.18805632212536
35.189444823088635
35.190830599015186
35.192216375202015
35.193602151323546
35.194987927458214
35.19637370359288
35.19775947972755
35.19914525586222
35.20053103199689
35.20191680813156
35.203302584266225
35.204688360400894
35.20607413653556
35.20745991267023
35.2088456888049
35.21023146493957
35.21161911706498
35.21300676922421
35.2143944213356
35.21578207344699
35.21716972555838
35.21855737766977
35.21994502978116
35.22133268189255
35.22272033400394
35.22410798611533
35.22549563822672
35.22688329033811
35.2282709424495
35.22965859456089
35.23104624667228
35.23243181197478
35.23381737733929
35.235202942473734
35.236588507608175
35.23797407274262
35.23935963787706
35.2407452030115
35.24213076814594
35.24351633328038
35.244901898414824
35.246287463549265
35.24767302868371
35.24905859381815
35.25044415895259
35.25182972408703
35.253214827593105
35.25459993102981
35.255985034373644
35.25737013771748
35.258755241061316
35.26014034440515
35.26152544774899
35.26291055109282
35.26429565443666
35.265680757780494
35.26706586112433
35.268450964468165
35.269836067812
35.27122117115584
35.27260627449967
35.27399320569897
35.27538013684935
35.27676706790046
35.27815399919171
35.27954093048296
35.28092786177421
35.28231479306546
35.28370172435671
35.28508865564796
35.28647558693921
35.28786251823046
35.28924944952171
35.29063638081296
35.29202331210421
35.29341024339546
35.29479842560928
35.29618660783614
35.29757479001375
35.298962972191354
35.30035115436896
35.30173933654657
35.303127518724175
35.30451570090178
35.30590388307939
35.307292065256995
35.3086802474346
35.31006842961221
35.311456611789815
35.31284479396742
35.31423297614503
35.31562062641749
35.31700827696222
35.31839592742057
35.31978357770494
35.32117122798931
35.32255887827368
35.323946528558054
35.325334178842425
35.3267218291268
35.32810947941117
35.32949712969554
35.33088477997991
35.33227243026428
35.333660080548654
35.335047730833026
