0.0014079896264287332
0.0028159792465938553
0.004223969059192135
0.005631958778887793
0.007039948498583451
0.00844793821827911
0.00985592793797477
0.011263917657670429
0.012671907377366088
0.014079897097061747
0.015487886816757406
0.016895876536453063
0.018303866256148722
0.01971185597584438
0.02111984569554004
0.022528023322633563
0.023936200920485318
0.025344378609078174
0.02675255629767103
0.028160733986263887
0.029568911674856743
0.0309770893634496
0.032385267052042456
0.033793444740635316
0.035201622429228176
0.036609800117821036
0.038017977806413895
0.039426155495006755
0.040834333183599615
0.042242510872192475
0.04365115732851484
0.0450598036957036
0.04646844998224515
0.047877096268786695
0.04928574255532824
0.05069438884186979
0.052103035128411336
0.05351168141495288
0.05492032770149443
0.05632897398803598
0.057737620274577524
0.05914626656111907
0.06055491284766062
0.061963559134202165
0.06337220542074372
0.0647810237672106
0.06618984226716863
0.0675986606497011
0.06900747903223357
0.07041629741476604
0.07182511579729851
0.07323393417983098
0.07464275256236345
0.07605157094489592
0.0774603893274284
0.07886920770996086
0.08027802609249333
0.0816868444750258
0.08309566285755828
0.08450448124009075
0.08591395238265945
0.08732342364422935
0.08873289469306775
0.09014236574190615
0.09155183679074455
0.09296130783958295
0.09437077888842135
0.09578024993725975
0.09718972098609815
0.09859919203493656
0.10000866308377496
0.10141813413261336
0.10282760518145176
0.10423707623029016
0.10564654727912856
0.10705594211494902
0.10846533691687404
0.10987473168836294
0.11128412645985183
0.11269352123134073
0.11410291600282962
0.11551231077431852
0.11692170554580741
0.11833110031729631
0.1197404950887852
0.1211498898602741
0.122559284631763
0.12396867940325189
0.12537807417474078
0.1267874689462297
0.12819639248924536
0.12960531574963485
0.131014239071308
0.13242316233374446
0.13383208551824388
0.13524100883991702
0.1366499321023535
0.1380588552868529
0.13946777860852605
0.14087670187096252
0.14228562505546194
0.14369454837713508
0.14510347163957155
0.14651239482407097
0.1479213181457441
0.14933068093334806
0.1507400435510044
0.15214940633496196
0.15355876911891952
0.1549681319028771
0.15637749468683465
0.1577868574707922
0.15919622025474978
0.16060558303870734
0.1620149458226649
0.16342430860662246
0.16483367139058003
0.1662430341745376
0.16765239695849515
0.16906175974245272
0.17047064711400184
0.171879534666086
0.17328842214170112
0.17469730961731625
0.17610619709293138
0.1775150845685465
0.17892397204416163
0.18033285951977676
0.1817417469953919
0.18315063447100702
0.18455952194662215
0.18596840942223727
0.1873772968978524
0.18878618437346753
0.19019507184908266
0.19160426494277077
0.1930134580449959
0.19442265105589313
0.19583184406679036
0.1972410370776876
0.19865023008858482
0.20005942309948205
0.20146861611037928
0.2028778091212765
0.20428700213217374
0.20569619514307097
0.2071053881539682
0.20851458116486543
0.20992377417576266
0.2113329671866599
0.2127416455615212
0.2141503240995192
0.21555900245735013
0.21696768081518106
0.21837635917301199
0.2197850375308429
0.22119371588867384
0.22260239424650477
0.2240110726043357
0.22541975096216663
0.22682842931999755
0.22823710767782848
0.2296457860356594
0.23105446439349034
0.23246314275132127
0.23387244376206642
0.2352817445127173
0.23669104548535988
0.23810034645800246
0.23950964743064504
0.24091894840328762
0.2423282493759302
0.24373755034857278
0.24514685132121536
0.24655615229385794
0.24796545326650052
0.2493747542391431
0.2507840552117857
0.2521933561844283
0.25360265715707087
0.25501142740025173
0.25642019792266263
0.25782896835480584
0.2592377387427139
0.26064650913062193
0.26205527956276514
0.2634640499506732
0.2648728203385812
0.26628159077072444
0.2676903611586325
0.2690991315465405
0.27050790197868374
0.2719166723665918
0.2733254427544998
0.27473421318664304
0.27614359372479313
0.27755297431300785
0.2789623549398283
0.28037173556664874
0.2817811161934692
0.28319049682028963
0.2845998774471101
0.2860092580739305
0.28741863870075096
0.2888280193275714
0.29023739995439185
0.2916467805812123
0.29305616120803274
0.2944655418348532
0.29587492246167363
0.2972848068098363
0.2986946910429296
0.30010457501688814
0.30151445899084667
0.3029243429648052
0.3043342269387637
0.30574411091272224
0.30715399488668077
0.3085638788606393
0.3099737628345978
0.31138364680855635
0.3127935307825149
0.3142034147564734
0.3156132987304319
0.31702318270439045
0.3184326950569286
0.3198422075525758
0.3212517199700004
0.322661232387425
0.3240707448048496
0.3254802572222742
0.3268897696396988
0.3282992820571234
0.329708794474548
0.3311183068919726
0.3325278193093972
0.3339373317268218
0.33534684414424637
0.33675635656167097
0.33816586897909556
0.3395758171017347
0.34098576525733637
0.3423957133484582
0.34380566143958
0.34521560953070185
0.3466255576218237
0.3480355057129455
0.34944545380406733
0.35085540189518916
0.352265349986311
0.3536752980774328
0.35508524616855464
0.35649519425967646
0.3579051423507983
0.3593150904419201
0.36072494864098925
0.36213480660358455
0.36354466468455515
0.36495452276552576
0.36636438084649636
0.36777423892746697
0.3691840970084376
0.3705939550894082
0.3720038131703788
0.3734136712513494
0.37482352933232
0.3762333874132906
0.3776432454942612
0.3790531035752318
0.3804629616562024
0.38187293899728636
0.38328291637003126
0.38469289391073264
0.38610287135759913
0.3875128488044656
0.3889228262513321
0.3903328036981986
0.3917427811450651
0.3931527585919316
0.3945627360387981
0.3959727134856646
0.3973826909325311
0.3987926683793976
0.4002026458262641
0.4016126232731306
0.40302234120643954
0.40443205898987283
0.40584177707860625
0.40725149516733966
0.4086612132560731
0.4100709313448065
0.4114806494335399
0.4128903675222733
0.41430008561100673
0.41570980369974014
0.41711952178847356
0.41852923987720697
0.4199389579659404
0.4213486760546738
0.4227583941434072
0.42416846437306266
0.4255785348509871
0.4269886053284732
0.4283986758059593
0.4298087462834454
0.4312188167609315
0.4326288872384176
0.4340389577159037
0.43544902819338976
0.43685909867087586
0.43826916914836195
0.43967923962584804
0.44108931010333413
0.4424993805808202
0.4439094510583063
0.44531969841708197
0.4467299458693642
0.4481401933191524
0.4495504407689406
0.45096068821872876
0.45237093566851694
0.4537811831183051
0.4551914305680933
0.4566016780178815
0.45801192546766967
0.45942217291745785
0.46083242036724603
0.4622426678170342
0.4636529152668224
0.4650631627166106
0.4664731887686528
0.46788321488655965
0.46929324107865195
0.4707032671415054
0.47211329318154466
0.47352331937363695
0.4749333454364904
0.47634337147652966
0.47775339766862196
0.4791634237314754
0.48057344977151467
0.48198347596360697
0.4833935020264604
0.4848035280664997
0.486213554258592
0.4876229273825974
0.4890323006509324
0.4904416737424052
0.49185104683387804
0.49326041992535086
0.4946697930168237
0.4960791661082965
0.4974885391997693
0.49889791229124214
0.500307285382715
0.5017166584741878
0.5031260315656606
0.5045354046571334
0.5059447777486062
0.5073541508400791
0.5087640720589045
0.5101739931431543
0.5115839141460666
0.512993835013601
0.5144037561134378
0.5158136771163502
0.5172235979838845
0.5186335190837214
0.5200434400866337
0.521453360954168
0.5228632820540049
0.5242732030569173
0.5256831239244516
0.5270930450242884
0.5285029660272008
0.5299137121690143
0.5313244582859835
0.5327352043873427
0.5341459504887018
0.535556696590061
0.5369674426914202
0.5383781887927793
0.5397889348941385
0.5411996809954976
0.5426104270968568
0.544021173198216
0.5454319192995751
0.5468426654009343
0.5482534115022935
0.5496641576036526
0.5510816732010408
0.5524991889479072
0.5539167046154833
0.5553342202830593
0.5567517359506354
0.5581692516182115
0.5595867672857876
0.5610042829533637
0.5624217986209398
0.5638393142885159
0.5652568299560919
0.566674345623668
0.5680918612912441
0.5695093769588202
0.5709268926263963
0.5723437732680526
0.5737606542561788
0.5751775351426804
0.576594416029182
0.5780112969156836
0.5794281778021853
0.5808450586886869
0.5822619395751885
0.5836788204616901
0.5850957013481917
0.5865125822346933
0.5879294631211949
0.5893463440076965
0.5907632248941981
0.5921801057806997
0.5935967364278794
0.5950133669847377
0.5964299976037165
0.5978466282226953
0.5992632588416741
0.6006798894606529
0.6020965200796317
0.6035131506986104
0.6049297813175892
0.606346411936568
0.6077630425555468
0.6091796731745256
0.6105963037935044
0.6120129344124832
0.613429565031462
0.6148468495737266
0.6162641341513136
0.617681418864383
0.6190987035774523
0.6205159882905217
0.621933273003591
0.6233505577166604
0.6247678424297297
0.6261851271427991
0.6276024118558684
0.6290196965689377
0.6304369812820071
0.6318542659950764
0.6332715507081458
0.6346888354212151
0.6361061056607338
0.6375233758875135
0.6389406461782926
0.6403579161845284
0.6417751862631084
0.6431924565538875
0.6446097265601233
0.6460269966387032
0.6474442669294823
0.6488615369357181
0.6502788070142981
0.6516960773050772
0.653113347311313
0.6545306173898929
0.655947887680672
0.6573649334606972
0.6587819790983294
0.6601990250042846
0.6616160709102399
0.6630331168161951
0.6644501627221504
0.6658672086281057
0.6672842545340609
0.6687013004400162
0.6701183463459714
0.6715353922519267
0.672952438157882
0.6743694840638372
0.6757865299697925
0.6772035758757478
0.6786207502206942
0.6800379243359908
0.6814550986999882
0.6828722730639857
0.6842894474279831
0.6857066217919806
0.6871237961559781
0.6885409705199755
0.689958144883973
0.6913753192479705
0.6927924936119679
0.6942096679759654
0.6956268423399629
0.6970440167039603
0.6984611910679578
0.699878620240215
0.7012960494834473
0.702713478718297
0.7041309079531468
0.7055483371879966
0.7069657664228464
0.7083831956576961
0.7098006248925459
0.7112180541273957
0.7126354833622455
0.7140529125970952
0.715470341831945
0.7168877710667948
0.7183052003016446
0.7197226295364944
0.7211397133887205
0.7225567972084262
0.7239738807083834
0.7253909642083406
0.7268080477082978
0.7282251312082549
0.7296422147082121
0.7310592982081693
0.7324763817081265
0.7338934652080836
0.7353105487080408
0.736727632207998
0.7381447157079551
0.7395617992079123
0.7409788827078695
0.7423958807488359
0.7438128789722278
0.7452298773211892
0.7466468756701505
0.7480638740191119
0.7494808723680733
0.7508978707170346
0.752314869065996
0.7537318674149573
0.7551488657639187
0.7565658641128801
0.7579828624618414
0.7593998608108028
0.7608168591597642
0.7622338575087255
0.7636509081067762
0.7650679585888935
0.7664850090595487
0.767902059530204
0.7693191100008592
0.7707361604715144
0.7721532109421696
0.7735702614128248
0.77498731188348
0.7764043623541352
0.7778214128247904
0.7792384632954457
0.7806555137661009
0.7820725642367561
0.7834896147074113
0.7849072811478693
0.7863249477663985
0.7877426143465445
0.7891602809266904
0.7905779475068364
0.7919956140869824
0.7934132806671284
0.7948309472472743
0.7962486138274203
0.7976662804075663
0.7990839469877122
0.8005016135678582
0.8019192801480042
0.8033369467281501
0.8047546133082961
0.8061723657139174
0.8075901179806311
0.8090078704838439
0.8104256229870568
0.8118433754902696
0.8132611279934825
0.8146788804966953
0.8160966329999082
0.817514385503121
0.8189321380063339
0.8203498905095468
0.8217676430127596
0.8231853955159725
0.8246031480191853
0.8260209005223982
0.8274374362826156
0.8288539721686122
0.8302705079240132
0.8316870436794143
0.8331035794348153
0.8345201151902163
0.8359366509456173
0.8373531867010183
0.8387697224564193
0.8401862582118204
0.8416027939672214
0.8430193297226224
0.8444358654780234
0.8458524012334244
0.8472689369888254
0.848686280194653
0.8501036234166756
0.8515209666317536
0.8529383098468316
0.8543556530619096
0.8557729962769877
0.8571903394920657
0.8586076827071437
0.8600250259222217
0.8614423691372998
0.8628597123523778
0.8642770555674558
0.8656943987825338
0.8671117419976119
0.8685290852126899
0.8699461484591697
0.8713632116547482
0.8727802748776822
0.8741973381006162
0.8756144013235502
0.8770314645464842
0.8784485277694182
0.8798655909923522
0.8812826542152862
0.8826997174382202
0.8841167806611542
0.8855338438840882
0.8869509071070222
0.8883679703299562
0.8897850335528902
0.8912018143809654
0.8926185950553753
0.894035375816443
0.8954521565775106
0.8968689373385783
0.898285718099646
0.8997024988607136
0.9011192796217813
0.902536060382849
0.9039528411439166
0.9053696219049843
0.9067864026660519
0.9082031834271196
0.9096199641881872
0.9110367449492549
0.9124532514503647
0.9138697579305984
0.9152862643874704
0.9167027708443424
0.9181192773012143
0.9195357837580863
0.9209522902149583
0.9223687966718302
0.9237853031287022
0.9252018095855742
0.9266183160424462
0.9280348224993181
0.9294513289561901
0.9308678354130621
1.0577277939883547
1.1845402303101114
1.3113526669612163
1.4381651035456526
1.564977540130089
1.6917899767145252
1.8186024132989616
1.9454148498833979
2.072227286467834
2.1990397230522705
2.3258521596367068
2.452664596221143
2.5794770328055794
2.7062894693900157
2.833101905974452
2.9599143425588883
3.0867956736406486
3.213677004377538
3.3405583351442547
3.467439665910848
3.5943209966775647
3.721202327444158
3.8480836582108746
3.974964988977468
4.101846319744184
4.228727650510778
4.355608981277494
4.482490312044088
4.609371642810804
4.736252973577398
4.863134304344114
4.98992443363781
5.11671456361905
5.243504693358046
5.370294823097042
5.497084952836039
5.623875082575035
5.750665212314031
5.877455342053027
6.004245471792023
6.1310356015310195
6.257825731270016
6.384615861009012
6.511405990748008
6.638196120487004
6.764986250226
6.8917733518171955
7.018560453393478
7.145347554969761
7.272134656546044
7.398921758122326
7.525708859698609
7.652495961274892
7.779283062851174
7.906070164427457
8.03285726600374
8.159644367580023
8.286431469156307
8.41321857073259
8.540005672308874
8.666792773885158
8.793663564276628
8.920534354147325
9.047405144117256
9.174275934175608
9.30114672414554
9.42801751420389
9.554888304173822
9.681759094232174
9.808629884202105
9.935500674260457
10.062371464230388
10.18924225428874
10.316113044258671
10.442983834317022
10.569854624286954
10.69669565167382
10.823536679347184
10.950377707057454
11.077218734767724
11.204059762477995
11.330900790188265
11.457741817898535
11.584582845608805
11.711423873319076
11.838264901029346
11.965105928739616
12.091946956449886
12.218787984160157
12.345629011870427
12.472470039580697
12.599294229652017
12.72611841990931
12.852942610166377
12.979766800423443
13.106590990680509
13.233415180937575
13.360239371194641
13.487063561451707
13.613887751708774
13.74071194196584
13.867536132222906
13.994360322479972
14.121184512737038
14.248008702994104
14.37483289325117
14.501664697348415
14.628496501394347
14.755328305291382
14.882160109188417
15.008991913085453
15.135823716982488
15.262655520879523
15.389487324776558
15.516319128673594
15.643150932570629
15.769982736467664
15.8968145403647
16.023646344261735
16.150478148158772
16.27730995205581
16.404164763474615
16.53101957480314
16.657874386131663
16.784729197460187
16.91158400878871
17.038438820117236
17.16529363144576
17.292148442774284
17.419003254102808
17.545858065431332
17.672712876759856
17.79956768808838
17.926422499416905
18.05327731074543
18.180132122073953
18.306989289409533
18.433846456888077
18.560703624242205
18.687560791596333
18.81441795895046
18.94127512630459
19.068132293658717
19.194989461012845
19.321846628366973
19.4487037957211
19.57556096307523
19.702418130429358
19.829275297783486
19.956132465137614
20.082989632491742
20.209828928833364
20.336668225544898
20.463507522308376
20.590346819071854
20.717186115835332
20.84402541259881
20.97086470936229
21.097704006125767
21.224543302889245
21.351382599652723
21.4782218964162
21.60506119317968
21.731900489943158
21.858739786706636
21.985579083470114
22.112492578373928
22.23940607276932
22.366319567078143
22.493233061386967
22.62014655569579
22.747060050004613
22.873973544313436
23.00088703862226
23.127800532931083
23.254714027239906
23.38162752154873
23.508541015857553
23.635454510166376
23.7623680044752
23.889281498784023
24.016160275014915
24.14303905141336
24.269917827769607
24.396796604168053
24.5236753805243
24.650554156922745
24.77743293327899
24.904311709677437
25.031190486033683
25.15806926243213
25.284948038788375
25.41182681518682
25.538705591543067
25.665584367941513
25.79246314429776
25.919329775548665
26.04619640682212
26.173063038095574
26.29992966936903
26.426796300642483
26.553662931915937
26.680529563189392
26.807396194462846
26.9342628257363
27.061129457009756
27.18799608828321
27.314862719556665
27.44172935083012
27.568595982103574
27.69546261337703
27.822351810668497
27.949241007814365
28.076130204960233
28.2030194021061
28.32990859925197
28.456797796397836
28.583686993543704
28.710576190689572
28.83746538783544
28.964354584981308
29.091243782127176
29.218132979273044
29.34502217641891
29.47191137356478
29.598800570710647
29.725624597619973
29.85244862480571
29.979272652106026
30.106096679485198
30.232920706785514
30.359744734164686
30.486568761465
30.613392788844173
30.74021681614449
30.86704084352366
30.993864870823977
31.12068889820315
31.247512925503464
31.374336952882636
31.501160980182952
31.628015530462736
31.754870080693248
31.8817246308997
32.00857918110616
32.13543373131261
32.26228828151906
32.389142831725515
32.51599738193197
32.64285193213842
32.76970648234487
32.896561032551325
33.02341558275778
33.15027013296423
33.27712468317068
33.403979233377136
33.53083443305872
33.657689632680544
33.784544832480975
33.911400032281406
34.03825523208184
34.16511043188227
34.2919656316827
34.41882083148313
34.54567603128356
34.672531231083994
34.799386430884425
34.926241630684856
35.05309683048529
35.17995203028572
35.30680723008615
35.433674192007736
35.56054115380226
35.68740811559679
35.814275077391315
35.94114203918584
36.06800900098037
36.194875962774894
36.32174292456942
36.44860988636395
36.57547684815847
36.702343809953
36.829210771747526
36.95607773354205
37.08294469533658
37.209811657131105
37.33667169582715
37.46353173437444
37.59039177307605
37.71725181177766
37.844111850479266
37.97097188918087
38.09783192788248
38.22469196658409
38.3515520052857
38.478412043987305
38.60527208268891
38.73213212139052
38.85899216009213
38.98585219879374
39.112712237495344
39.2395222837516
39.36633233037616
39.493142376871056
39.61995242336595
39.74676246986085
39.87357251635574
40.00038256285064
40.127192609345535
40.25400265584043
40.38081270233533
40.50762274883022
40.63443279532512
40.76173856624957
40.889044336015566
41.01635010586718
41.143630501126815
41.27091089638042
41.39819129163403
41.525471686887634
41.65275208214124
41.654143932631015
41.655541460418846
41.65693898830741
41.658336516154385
41.65973404400136
41.66113750032915
41.66254095667619
41.663944412913345
41.6653478691505
41.66675132538766
41.66816716617666
41.66958300689717
41.670998847594085
41.672414688291
41.673830528987914
41.67524636968483
41.67666221038174
41.67807805107866
41.67949389177557
41.680909732472486
41.6823255731694
41.683741413866315
41.68515725456323
41.686573095260144
41.68798893595706
41.689404911059086
41.690820886145275
41.69223686133425
41.69365283652323
41.695068811712204
41.69648478690118
41.69790076209016
41.69931673727913
41.70073271246811
41.702148687657086
41.70356466284606
41.70498063803504
41.706396613224015
41.70781258841299
41.70922856360197
41.710644114568055
41.71205966543965
41.71347521618348
41.71489076692732
41.716306317671155
41.71772186841499
41.71913741915883
41.72055296990266
41.7219685206465
41.723384071390335
41.72479962213417
41.72621517287801
41.72763072362184
41.72904627436568
41.730461825109515
41.73187715337017
41.733292481640234
41.734707809890715
41.736123138141195
41.737538466391676
41.73895379464216
41.74036912289264
41.74178445114312
41.7431997793936
41.74461510764408
41.74603043589456
41.74744576414504
41.74886109239552
41.750276420646
41.75168529736396
41.75309429013624
41.7545032828002
41.75591227559952
41.75732126839884
41.75873026119816
41.76013925399748
41.7615482467968
41.76295723959612
41.76436623239544
41.76577522519476
41.76718421799408
41.7685932107934
41.77000220359272
41.77141119639204
41.77282018919136
41.77422898935263
41.77563778925782
41.77704658948418
41.77845538971054
41.779864189936895
41.78127299016325
41.78268179038961
41.78409059061597
41.785499390842325
41.78690819106868
41.78831699129504
41.7897257915214
41.791134591747756
41.792543391974114
41.79395219220047
41.79536137435691
41.79677055662629
41.798179738746946
41.79958892105594
41.80099810336494
41.80240728567394
41.803816467982934
41.80522565029193
41.80663483260093
41.808044014909925
41.80945319721892
41.81086237952792
41.812271561836916
41.81368074414591
41.81508992645491
41.81649732368706
41.817904720811065
41.81931211787247
41.82071951493388
41.822126911995284
41.82353430905669
41.824941706118096
41.8263491031795
41.82775650024091
41.829163897302315
41.83057129436372
41.83197869142513
41.833386088486535
41.83479348554794
41.83620088260935
41.83760866299488
41.839016443098885
41.84042422346081
41.84183200382273
41.843239784184654
41.84464756454658
41.8460553449085
41.84746312527042
41.848870905632346
41.85027868599427
41.85168646635619
41.853094246718115
41.85450202708004
41.85590980744196
41.857317587803884
41.85872372720942
41.86012986692335
41.86153600624388
41.86294214556441
41.86434828488494
41.86575442420547
41.867160563526
41.86856670284653
41.86997284216706
41.87137898148759
41.87278512080812
41.87419126012865
41.87559739944918
41.877003538769706
41.878409678090236
41.87981660200041
41.88122352561528
41.882630449203184
41.884037372791084
41.885444296378985
41.886851219966886
41.888258143554786
41.88966506714269
41.89107199073059
41.89247891431849
41.89388583790639
41.89529276149429
41.89669968508219
41.89810660867009
41.89951353225799
41.90092043895274
41.90232734570058
41.90373425243367
41.90514115916677
41.90654806589986
41.90795497263296
41.90936187936605
41.91076878609915
41.91217569283224
41.91358259956534
41.91498950629843
41.91639641303153
41.91780331976462
41.91921022649772
41.92061713323081
41.922022966562174
41.92342879990774
41.92483463326544
41.92624046662314
41.92764629998084
41.929052133338544
41.930457966696245
41.93186380005395
41.93326963341165
41.93467546676935
41.93608130012705
41.93748713348475
41.93889296684245
41.94029880020015
41.941704633557855
41.94311057181967
41.94451650998725
41.945922448233915
41.947328386623255
41.948734325012595
41.950140263401934
41.951546201791274
41.952952140180614
41.95435807856995
41.95576401695929
41.95716995534863
41.95857589373797
41.95998183212731
41.96138777051665
41.96279370890599
41.96419970754391
41.96560570602384
41.96701170463129
41.96841770323874
41.969823701846195
41.97122970045365
41.9726356990611
41.974041697668554
41.97544769627601
41.97685369488346
41.97825969349091
41.979665692098365
41.98107169070582
41.98247768931327
41.983883687920724
41.985289964136975
41.986696240487284
41.98810251663867
41.989508792790055
41.99091506894144
41.992321345092826
41.99372762124421
41.9951338973956
41.99654017354698
41.99794644969837
41.999352725849754
42.00075900200114
42.002165278152525
42.00357155430391
42.004977830455296
42.00638420918182
42.00779058791262
42.00919696641365
42.01060334491467
42.012009723415694
42.01341610191672
42.01482248041774
42.016228858918765
42.01763523741979
42.01904161592081
42.020447994421836
42.02185437292286
42.023260751423884
42.02466712992491
42.02607350842593
42.027479796821005
42.028886085076216
42.03029237342234
42.031698661768466
42.03310495011459
42.034511238460716
42.03591752680684
42.037323815152966
42.03873010349909
42.040136391845216
42.04154268019134
42.042948968537466
42.04435525688359
42.045761545229716
42.04716783357584
42.0485739852846
42.04998013707829
42.05138628888936
42.05279244070043
42.0541985925115
42.055604744322565
42.05701089613363
42.0584170479447
42.05982319975577
42.06122935156684
42.062635503377905
42.06404165518897
42.06544780700004
42.06685395881111
42.06826011062218
42.06966750280793
42.07107489491945
42.072482287068375
42.0738896792173
42.07529707136623
42.076704463515156
42.07811185566408
42.07951924781301
42.08092663996194
42.082334032110865
42.08374142425979
42.08514881640872
42.086556208557646
42.08796360070657
42.0893709928555
42.090777335984896
42.092183678802016
42.09359002184819
42.094996365004924
42.09640270807525
42.09780905108731
42.099215394144956
42.10062173719113
42.102028080347864
42.10343442341819
42.10484076643025
42.106247109487896
42.10765345253407
42.109059795690804
42.11046613876113
42.11187197948897
42.11327782018878
42.114683660930986
42.116089501673194
42.1174953424154
42.11890118315761
42.12030702389982
42.12171286464203
42.123118705384236
42.124524546126445
42.12593038686865
42.12733622761086
42.12874206835307
42.13014790909528
42.13155374983749
42.1329610862527
42.1343684224955
42.13577575898148
42.13718309546746
42.138590431953446
42.13999776843943
42.14140510492541
42.142812441411394
42.144219777897376
42.14562711438336
42.14703445086934
42.148441787355324
42.14984912384131
42.15125646032729
42.15266379681327
42.15407021808345
42.15547663954975
42.156883061027514
42.15828948250528
42.15969590398305
42.16110232546082
42.162508746938585
42.16391516841635
42.16532158989412
42.16672801137189
42.168134432849655
42.16954085432742
42.17094727580519
42.17235369728296
42.173760118760725
42.17516716974857
42.176574220621596
42.17798127134629
42.179388322070984
42.18079537279568
42.18220242352037
42.18360947424507
42.18501652496976
42.186423575694455
42.18783062641915
42.18923767714384
42.19064472786854
42.19205177859323
42.193458829317926
42.19486588004262
42.196272230065304
42.19767858009856
42.19908492999885
42.20049127989913
42.20189762979942
42.203303979699704
42.20471032959999
42.206116679500276
42.20752302940056
42.20892937930085
42.210335729201134
42.21174207910142
42.213148429001706
42.21455477890199
42.21596112880228
42.21736732093223
42.218773513015314
42.22017970510641
42.22158589719751
42.2229920892886
42.2243982813797
42.225804473470795
42.22721066556189
42.22861685765299
42.230023049744084
42.23142924183518
42.232835433926276
42.23424162601737
42.23564781810847
42.237054010199564
42.238460818519066
42.23986762684351
42.241274435036004
42.24268124331027
42.24408805158454
42.24549485985881
42.24690166813308
42.248308476407345
42.24971528468161
42.25112209295588
42.25252890123015
42.25393570950442
42.255342517778686
42.256749326052955
42.25815613432722
42.25956336347335
42.26097059259425
42.262377821614365
42.26378505063448
42.2651922796546
42.266599508674716
42.26800673769483
42.26941396671495
42.27082119573507
42.272228424755184
42.2736356537753
42.27504288279542
42.276450111815535
42.27785734083565
42.27926456985577
42.28067162030252
42.28207867062802
42.28348572111607
42.28489277132765
42.28629982156621
42.287706872054265
42.28911392226584
42.2905209725044
42.29192802299246
42.293335073204034
42.294742123442596
42.29614917393065
42.29755622414223
42.29896327438079
42.300370324868844
