0.0014048178037061316
0.0028096356340477358
0.00421445347695891
0.005619271550296591
0.007024089623634272
0.008428907696971952
0.009833725770309634
0.011238543843647315
0.012643361916984997
0.014048179990322679
0.01545299806366036
0.016857816136998043
0.018262634210335724
0.019667452283673406
0.021072270357011088
0.02247732930003558
0.02388238800220479
0.025287446802617426
0.02669250560303006
0.028097564403442698
0.029502623203855334
0.03090768200426797
0.032312740804680606
0.03371779960509324
0.03512285840550587
0.036527917205918504
0.03793297600633114
0.03933803480674377
0.0407430936071564
0.042148152407569035
0.043553812641843756
0.04495947272004821
0.046365132962192315
0.04777079320433642
0.04917645344648053
0.050582113688624634
0.05198777393076874
0.05339343417291285
0.054799094415056954
0.05620475465720106
0.057610414899345166
0.05901607514148927
0.06042173538363338
0.061827395625777486
0.06323305586792159
0.06463893676763541
0.06604481760824196
0.06745069864336663
0.06885657967849129
0.07026246071361596
0.07166834174874062
0.07307422278386529
0.07448010381898995
0.07588598485411462
0.07729186588923928
0.07869774692436395
0.08010362795948861
0.08150950899461328
0.08291539002973794
0.0843212710648626
0.08572798925907558
0.08713470755423681
0.08854142585994465
0.08994814408502544
0.09135486231010623
0.09276158053518702
0.0941682987602678
0.0955750169853486
0.09698173521042938
0.09838845343551017
0.09979517166059096
0.10120188988567175
0.10260860811075254
0.10401532633583332
0.10542204456091411
0.10682866478907012
0.1082352850695336
0.10964190517546406
0.11104852528139451
0.11245514538732497
0.11386176549325543
0.11526838559918588
0.11667500570511634
0.1180816258110468
0.11948824591697725
0.12089486602290771
0.12230148612883816
0.12370810623476862
0.12511472634069906
0.12652134644662952
0.12792736182319514
0.12933337728412309
0.1307393928384463
0.13214540827928595
0.13355142382978977
0.13495743938411298
0.13636345482495263
0.13776947037545645
0.13917548592977966
0.1405815013706193
0.14198751692112313
0.14339353247544634
0.144799547916286
0.1462055634667898
0.14761157902111302
0.14901815837442192
0.15042473769236034
0.15183131705289454
0.15323789647975247
0.1546444759066104
0.15605105533346833
0.15745763476032626
0.1588642141871842
0.16027079361404212
0.16167737304090005
0.16308395246775798
0.1644905318946159
0.16589711132147383
0.16730369074833176
0.1687102701751897
0.17011623954255364
0.1715222091616514
0.1729281787774641
0.17433414839327682
0.17574011800908954
0.17714608762490225
0.17855205724071496
0.17995802685652768
0.1813639964723404
0.1827699660881531
0.18417593570396582
0.18558190531977853
0.18698787493559124
0.18839384455140396
0.18979981416721667
0.1912061756859712
0.19261253717448
0.19401889855864515
0.1954252600468562
0.19683162153506725
0.1982379830232783
0.19964434451148935
0.2010507059997004
0.20245706748791145
0.2038634289761225
0.20526979046433355
0.2066761519525446
0.20808251344075565
0.2094888749289667
0.21089523641717775
0.2123009377723345
0.21370663920576707
0.21511234054525255
0.21651804188473803
0.2179237432242235
0.21932944456370898
0.22073514590319446
0.22214084724267993
0.2235465485821654
0.2249522499216509
0.22635795126113636
0.22776365260062184
0.22916935394010732
0.2305750552795928
0.23198075661907827
0.23338725646465644
0.2347937564459065
0.23620025642827622
0.23760675641064594
0.23901325639301566
0.24041975637538537
0.2418262563577551
0.2432327563401248
0.24463925632249453
0.24604575630486425
0.24745225628723397
0.2488587562696037
0.2502652562519734
0.25167175623434307
0.25307825621671276
0.2544840755297189
0.25588989485887037
0.2572957141957591
0.2587015333997254
0.26010735266594304
0.26151317200283175
0.26291899120679807
0.2643248104730157
0.2657306298099044
0.26713644901387074
0.26854226828008837
0.2699480876169771
0.2713539068209434
0.27275972608716104
0.27416554542404975
0.27557214766708255
0.2769787496177371
0.27838535177201673
0.27979195392629636
0.281198556080576
0.2826051582348556
0.2840117603891352
0.28541836254341485
0.2868249646976945
0.2882315668519741
0.2896381690062537
0.29104477116053334
0.29245137331481297
0.2938579754690926
0.2952645776233722
0.29667182576746753
0.29807907390134797
0.2994863220110207
0.30089357012069345
0.3023008182303662
0.30370806634003894
0.3051153144497117
0.3065225625593844
0.30792981066905717
0.3093370587787299
0.31074430688840265
0.3121515549980754
0.31355880310774814
0.3149660512174209
0.3163732993270936
0.31778007081791754
0.3191868422512967
0.32059361347746573
0.3220003847036348
0.32340715592980385
0.3248139271559729
0.32622069838214196
0.327627469608311
0.3290342408344801
0.33044101206064913
0.3318477832868182
0.33325455451298724
0.3346613257391563
0.33606809696532536
0.3374748681914944
0.3388821981103316
0.3402895281087108
0.34169685790910054
0.34310418770949025
0.34451151750987996
0.3459188473102697
0.3473261771106594
0.3487335069110491
0.3501408367114388
0.3515481665118285
0.35295549631221823
0.35436282611260794
0.35577015591299765
0.35717748571338737
0.3585848155137771
0.3599920300639903
0.36139924453538025
0.36280645895805347
0.3642136733807267
0.3656208878033999
0.3670281022260731
0.36843531664874635
0.36984253107141957
0.3712497454940928
0.372656959916766
0.3740641743394392
0.37547138876211245
0.37687860318478567
0.3782858176074589
0.3796930320301321
0.3811003998691739
0.3825077676392589
0.3839151353055622
0.38532250293550213
0.38672987056544206
0.388137238195382
0.3895446058253219
0.39095197345526184
0.39235934108520176
0.3937667087151417
0.3951740763450816
0.39658144397502154
0.39798881160496147
0.3993961792349014
0.4008035468648413
0.40221058182903063
0.4036176166132645
0.40502465144507793
0.40643168627689136
0.4078387211087048
0.4092457559405182
0.41065279077233163
0.41205982560414506
0.4134668604359585
0.4148738952677719
0.41628093009958533
0.41768796493139876
0.4190949997632122
0.4205020345950256
0.42190906942683903
0.4233165563565453
0.42472404327289404
0.42613153003642373
0.42753901679995343
0.42894650356348313
0.4303539903270128
0.4317614770905425
0.4331689638540722
0.4345764506176019
0.4359839373811316
0.4373914241446613
0.438798910908191
0.4402063976717207
0.4416138844352504
0.4430213711987801
0.4444290851142699
0.44583679906769513
0.44724451313375585
0.44865222719981657
0.4500599412658773
0.451467655331938
0.4528753693979987
0.45428308346405943
0.45569079753012015
0.45709851159618087
0.4585062256622416
0.4599139397283023
0.461321653794363
0.46272936786042373
0.46413708192648445
0.46554451199140295
0.4669519420631313
0.4683593720954884
0.4697668021278455
0.47117423199498476
0.47258166202734186
0.47398909205969897
0.47539652192683823
0.47680395195919534
0.47821138199155244
0.4796188118586917
0.4810262418910488
0.4824336719234059
0.4838411017905452
0.4852485318229023
0.48665512409295736
0.48806171670173
0.48946830947769115
0.4908749020936313
0.4922814947095715
0.49368808732551167
0.49509467994145184
0.496501272557392
0.4979078651733322
0.49931445778927236
0.5007210504052125
0.5021276430211526
0.5035342356370928
0.5049408282530329
0.506347420868973
0.5077547164808701
0.509162011776319
0.5105693072086247
0.5119766026694668
0.5133838980035125
0.514791193326042
0.516198488786884
0.5176057841209297
0.5190130794434592
0.5204203749043013
0.521827670238347
0.5232349655608765
0.5246422610217185
0.5260495563557642
0.5274568516782937
0.5288652050934733
0.5302735583698096
0.5316819118289525
0.5330902652880954
0.5344986187472384
0.5359069722063813
0.5373153256655242
0.5387236791246671
0.54013203258381
0.541540386042953
0.5429487395020959
0.5443570929612388
0.5457654464203817
0.5471737998795246
0.5485821533386676
0.5499978276608493
0.5514135019554693
0.5528291765695342
0.5542448511835991
0.555660525797664
0.5570762004117289
0.5584918750257938
0.5599075496398587
0.5613232242539236
0.5627388988679884
0.5641545734820533
0.5655702480961182
0.5669859227101831
0.568401597324248
0.5698172719383129
0.5712321352688104
0.5726469985788487
0.5740618619046673
0.575476725230486
0.5768915885563046
0.5783064518821233
0.5797213152079419
0.5811361785337605
0.5825510418595792
0.5839659051853978
0.5853807685112165
0.5867956318370351
0.5882104951628537
0.5896253584886724
0.591040221814491
0.5924547651348424
0.5938693086230438
0.5952838517497275
0.5966983948764113
0.5981129380030951
0.5995274811297788
0.6009420242564626
0.6023565673831464
0.6037711105098301
0.6051856536365139
0.6066001967631977
0.6080147398898814
0.6094292830165652
0.610843826143249
0.6122583692699327
0.6136737485921798
0.6150891277062153
0.6165045070760382
0.6179198864458612
0.6193352658156841
0.620750645185507
0.62216602455533
0.6235814039251529
0.6249967832949759
0.6264121626647988
0.6278275420346218
0.6292429214044447
0.6306583007742677
0.6320736801440906
0.6334890595139135
0.634904420386741
0.6363197811375713
0.6377351418322317
0.6391505026309043
0.6405658635988741
0.6419812242935345
0.6433965850922072
0.644811946060177
0.6462273067548374
0.6476426675535101
0.6490580285214799
0.6504733892161403
0.651888750014813
0.6533041109827827
0.6547194716774432
0.6561345455669425
0.6575496195818321
0.6589646934424059
0.6603797673029798
0.6617948411635536
0.6632099150241274
0.6646249888847012
0.666040062745275
0.6674551366058489
0.6688702104664227
0.6702852843269965
0.6717003581875703
0.6731154320481442
0.674530505908718
0.6759455797692918
0.6773608180599385
0.6787760561819655
0.6801912941847748
0.681606532187584
0.6830217701903933
0.6844370081932026
0.6858522461960119
0.6872674841988212
0.6886827222016305
0.6900979602044398
0.6915131982072491
0.6929284362100584
0.6943436742128677
0.695758912215677
0.6971741502184863
0.6985897142816233
0.7000052783336052
0.7014208425823237
0.7028364068310423
0.7042519710797609
0.7056675353284795
0.7070830995771981
0.7084986638259166
0.7099142280746352
0.7113297923233538
0.7127453565720724
0.714160920820791
0.7155764850695095
0.7169920493182281
0.7184076135669467
0.7198227361569469
0.7212378586753911
0.7226529811576543
0.7240681036399175
0.7254832261221806
0.7268983486044438
0.728313471086707
0.7297285935689701
0.7311437160512333
0.7325588385334965
0.7339739610157596
0.7353890834980228
0.736804205980286
0.7382193284625491
0.7396344509448123
0.7410494640020614
0.7424644772368955
0.7438794902985869
0.7452945033602784
0.7467095164219698
0.7481245294836613
0.7495395425453527
0.7509545556070442
0.7523695686687356
0.7537845817304271
0.7551995947921185
0.75661460785381
0.7580296209155014
0.7594446339771929
0.7608596470388843
0.7622747268309795
0.7636898068842276
0.765104886744722
0.7665199666052164
0.7679350464657108
0.7693501263262051
0.7707652061866995
0.7721802860471939
0.7735953659076883
0.7750104457681827
0.7764255256286771
0.7778406054891714
0.7792556853496658
0.7806707652101602
0.7820858450706546
0.7835017125340331
0.7849175798404576
0.7863334470720459
0.7877493143036342
0.7891651815352224
0.7905810487668107
0.7919969159983989
0.7934127832299872
0.7948286504615755
0.7962445176931637
0.797660384924752
0.7990762521563403
0.8004921193879285
0.8019079866195168
0.803323853851105
0.8047398309620332
0.8061558082941276
0.8075717854293971
0.8089877625646666
0.8104037396999362
0.8118197168352057
0.8132356939704752
0.8146516711057448
0.8160676482410143
0.8174836253762838
0.8188996025115534
0.8203155796468229
0.8217315567820924
0.823147533917362
0.8245635110526315
0.8259779331239112
0.8273923552821796
0.8288067776265121
0.8302211999708446
0.8316356223151772
0.8330500446595097
0.8344644670038422
0.8358788893481748
0.8372933116925073
0.8387077340368398
0.8401221563811724
0.8415365787255049
0.8429510010698374
0.84436542341417
0.8457798457585025
0.8471952999087595
0.8486107541352634
0.8500262082360558
0.8514416623368481
0.8528571164376405
0.8542725705384329
0.8556880246392252
0.8571034787400176
0.8585189328408099
0.8599343869416023
0.8613498410423946
0.862765295143187
0.8641807492439794
0.8655962033447717
0.8670116574455641
0.8684267538109296
0.8698418501923396
0.871256946652051
0.8726720431117624
0.8740871395714738
0.8755022360311852
0.8769173324908965
0.8783324289506079
0.8797475254103193
0.8811626218700307
0.8825777183297421
0.8839928147894535
0.8854079112491648
0.8868230077088762
0.8882381041685876
0.88965283950465
0.8910675747894521
0.892482309904226
0.8938970450189998
0.8953117801337737
0.8967265152485475
0.8981412503633214
0.8995559854780952
0.9009707205928691
0.902385455707643
0.9038001908224168
0.9052149259371907
0.9066296610519645
0.9080443961667384
0.9094591312815122
0.9108735157251984
0.9122879005499747
0.9137022849248454
0.9151166692997161
0.9165310536745869
0.9179454380494576
0.9193598224243283
0.9207742067991991
0.9221885911740698
0.9236029755489406
0.9250173599238113
0.926431744298682
0.9278461286735528
0.9292605130484235
1.0539452735646102
1.1785779242259373
1.3032105746322915
1.42784322515951
1.5524758756867283
1.6771085262139467
1.801741176741165
1.9263738272683835
2.051006477795602
2.1756391283228202
2.3002717788500386
2.424904429377257
2.5495370799044754
2.674169730431694
2.798802380958912
2.9234350314861306
3.0481432183450665
3.17285140495617
3.2975595914307023
3.422267778113031
3.5469759645875634
3.671684151269892
3.7963923377444244
3.921100524426753
4.0458087109012855
4.170516897583614
4.295225084058146
4.419933270740474
4.544641457215006
4.669349643897334
4.794057830371866
4.918666002055199
5.043274173895605
5.167882346013308
5.292490518131012
5.417098690248715
5.541706862366419
5.666315034484122
5.790923206601826
5.915531378719529
6.040139550837233
6.164747722954936
6.28935589507264
6.413964067190343
6.5385722393080465
6.66318041142575
6.787785259506758
6.912390107361524
7.036994955394059
7.1615998034265935
7.286204651459128
7.410809499491663
7.535414347524197
7.660019195556732
7.784624043589266
7.909228891621801
8.033833739654336
8.15843858768687
8.283043435719405
8.40764828375194
8.532253131784474
8.656949768075506
8.781646404299835
8.906343040460314
9.031039676597398
9.155736312757877
9.280432948894962
9.405129585055441
9.529826221192526
9.654522857353005
9.77921949349009
9.903916129650568
10.028612765787653
10.153309401948132
10.278006038085216
10.402702674245695
10.527366684347546
10.652030694509119
10.776694704880354
10.90135871525159
11.026022725622825
11.15068673599406
11.275350746365296
11.400014756736532
11.524678767107767
11.649342777479003
11.774006787850238
11.898670798221474
12.02333480859271
12.147998818963945
12.27266282933518
12.397308373721163
12.521953918157726
12.646599462601994
12.771245007046263
12.895890551490531
13.0205360959348
13.145181640379068
13.269827184823336
13.394472729267605
13.519118273711873
13.643763818156142
13.76840936260041
13.893054907044679
14.017700451488947
14.142345995933216
14.266999891119791
14.391653786252222
14.516307681387058
14.640961576521894
14.76561547165673
14.890269366791566
15.014923261926402
15.139577157061238
15.264231052196074
15.38888494733091
15.513538842465746
15.638192737600582
15.762846632735418
15.887500527870253
16.01215442300509
16.13683354545036
16.261512667749003
16.386191790047643
16.510870912346284
16.635550034644925
16.760229156943566
16.884908279242207
17.00958740154085
17.13426652383949
17.25894564613813
17.38362476843677
17.508303890735412
17.632983013034053
17.757662135332694
17.882341257631335
18.007022962623186
18.13170466779854
18.256386372952978
18.381068078107415
18.50574978326185
18.63043148841629
18.755113193570725
18.879794898725162
19.0044766038796
19.129158309034036
19.253840014188473
19.37852171934291
19.503203424497347
19.627885129651784
19.75256683480622
19.87722894692065
20.001891058951546
20.12655317110569
20.251215283259835
20.37587739541398
20.500539507568124
20.62520161972227
20.749863731876413
20.874525844030558
20.999187956184702
21.123850068338847
21.24851218049299
21.373174292647136
21.49783640480128
21.622498516955424
21.74724193406462
21.87198535089529
21.996728767724594
22.121472184553898
22.246215601383202
22.370959018212506
22.49570243504181
22.620445851871114
22.74518926870042
22.869932685529722
22.994676102359026
23.11941951918833
23.244162936017634
23.36890635284694
23.493649769676242
23.618355157433985
23.74306054528018
23.86776593319959
23.992471321045784
24.117176708965193
24.241882096811388
24.366587484730797
24.49129287257699
24.6159982604964
24.740703648342595
24.865409036262005
24.9901144241082
25.11481981202761
25.239525199873803
25.364230587793212
25.488922666370964
25.613614745162543
25.738306823954122
25.8629989027457
25.98769098153728
26.11238306032886
26.23707513912044
26.361767217912018
26.486459296703597
26.611151375495176
26.735843454286755
26.860535533078334
26.985227611869913
27.109919690661492
27.23461176945307
27.359328574808064
27.484045380094642
27.608762185461035
27.73347899082743
27.858195796193822
27.982912601560216
28.10762940692661
28.232346212293002
28.357063017659396
28.48177982302579
28.606496628392183
28.731213433758576
28.85593023912497
28.980647044491363
29.105363849857756
29.230009215241044
29.35465458103074
29.479299946693548
29.603945312650975
29.728590678313783
29.85323604427121
29.977881409934017
30.102526775891445
30.227172141554252
30.35181750751168
30.476462873174487
30.601108239131914
30.725753604794722
30.85039897075215
30.975044336414957
31.099723172782358
31.2244020091763
31.349080845620602
31.473759682064905
31.59843851850921
31.723117354953512
31.847796191397816
31.97247502784212
32.097153864286426
32.22183270073073
32.34651153717503
32.471190373619336
32.59586921006364
32.72054804650794
32.84522688295225
32.9699064311993
33.09458597948688
33.21926552767282
33.343945075858755
33.46862462404469
33.59330417223063
33.71798372041657
33.84266326860251
33.967342816788445
34.09202236497438
34.21670191316032
34.34138146134626
34.4660610095322
34.590740557718135
34.71542010590407
34.84011254676775
34.9648049877216
35.08949742879129
35.21418986986098
35.33888231093067
35.46357475200036
35.58826719307005
35.71295963413974
35.837652075209434
35.962344516279124
36.087036957348815
36.211729398418505
36.336421839488196
36.46111428055789
36.58580672162758
36.71049157426393
36.835176426791314
36.959861279304526
37.08454613181774
37.20923098433095
37.33391583684416
37.458600689357375
37.58328554187059
37.7079703943838
37.83265524689701
37.957340099410224
38.08202495192344
38.20670980443665
38.33139465694986
38.45607950946307
38.58070953784935
38.705339566267305
38.829969594827
38.95459962338669
39.079229651946385
39.20385968050608
39.32848970906577
39.453119737625464
39.57774976618516
39.70237979474485
39.82700982330454
39.951639851864236
40.076730198574325
40.20182054500703
40.326910891351226
40.45197340166066
40.57703591200825
40.70209842235584
40.82716093270343
40.95222344305102
41.07775152014409
41.20464519097348
41.331538852998236
41.45843251523921
41.585326177480184
41.586693853364565
41.58806152906964
41.58942920475627
41.5907968804429
41.59216455612953
41.59357808942044
41.59499162289959
41.59640515629953
41.59781868969947
41.59923222309941
41.600645756499354
41.602059289899294
41.603472823299235
41.604886356699176
41.606299890099116
41.60771342349906
41.609126956899
41.61054049029894
41.61195402369888
41.61336755709882
41.61478126233441
41.61619496732642
41.617608672291176
41.61902237725593
41.620436082220685
41.62184978718544
41.623263492150194
41.62467719711495
41.6260909020797
41.62750460704446
41.62891831200921
41.630332016973966
41.63174572193872
41.633159426903475
41.63457313186823
41.635986294518375
41.63739945723446
41.63881262002227
41.640225782810084
41.6416389455979
41.64305210838571
41.64446527117352
41.645878433961336
41.64729159674915
41.64870475953696
41.650117922324775
41.65153108511259
41.6529442479004
41.65435741068821
41.655770573476026
41.657183451814134
41.65859633000671
41.660009208167146
41.66142208632758
41.66283496448802
41.66424784264846
41.665660720808894
41.66707359896933
41.66848647712977
41.669899355290205
41.67131223345064
41.67272511161108
41.674137989771516
41.67555086793195
41.676956823805575
41.67836292845475
41.6797690331661
41.68117513801084
41.68258124285558
41.683987347700324
41.685393452545064
41.686799557389804
41.688205662234544
41.689611767079285
41.691017871924025
41.692423976768765
41.693830081613505
41.695236186458246
41.696642291302986
41.698048396147726
41.69945425357719
41.7008601112561
41.702265968652675
41.70367182604925
41.70507768344583
41.706483540842406
41.70788939823898
41.70929525563556
41.71070111303214
41.712106970428714
41.71351282782529
41.71491868522187
41.716324542618445
41.71773040001502
41.7191362574116
41.72054260542576
41.72194895324072
41.723355301169846
41.7247616489154
41.72616799666095
41.7275743444065
41.72898069215205
41.7303870398976
41.73179338764315
41.7331997353887
41.73460608313425
41.7360124308798
41.737418778625354
41.738825126370905
41.740231474116456
41.741635531233435
41.743039588443494
41.744443645506344
41.74584770256919
41.74725175963204
41.74865581669489
41.75005987375774
41.75146393082059
41.75286798788344
41.75427204494629
41.75567610200914
41.75708015907199
41.75848421613484
41.75988827319769
41.76129233026054
41.76269687926934
41.7641014281234
41.76550597707588
41.76691052602836
41.76831507498084
41.76971962393332
41.7711241728858
41.77252872183828
41.77393327079076
41.775337819743235
41.776742368695714
41.77814691764819
41.77955146660067
41.78095601555315
41.78236056450563
41.7837630074698
41.78516545034365
41.786567893190494
41.78797033603734
41.789372778884186
41.79077522173103
41.79217766457788
41.793580107424724
41.79498255027157
41.796384993118416
41.79778743596526
41.79918987881211
41.800592321658954
41.8019947645058
41.803397207352646
41.80480065707174
41.80620410686255
41.80760755647341
41.80901100608426
41.81041445569512
41.81181790530597
41.81322135491683
41.81462480452768
41.81602825413854
41.81743170374939
41.81883515336025
41.8202386029711
41.82164205258196
41.82304550219281
41.82444895180367
41.82585237935072
41.82725580696494
41.82865923456129
41.830062662157644
41.831466089753995
41.832869517350346
41.8342729449467
41.83567637254305
41.8370798001394
41.83848322773575
41.8398866553321
41.84129008292845
41.8426935105248
41.844096938121154
41.845500365717506
41.84690241553563
41.84830446554695
41.84970651557137
41.85110856559579
41.852510615620204
41.85391266564462
41.85531471566904
41.856716765693456
41.85811881571787
41.85952086574229
41.86092291576671
41.862324965791124
41.86372701581554
41.86512906583996
41.866531115864376
41.867933300570655
41.86933548512083
41.87073766965357
41.87213985422069
41.873542038725624
41.87494422323056
41.87634640773549
41.87774859224042
41.879150776745355
41.88055296125029
41.88195514575522
41.883357330260154
41.884759514765086
41.88616169927002
41.88756388377495
41.888966145735914
41.89036840772806
41.891770669741646
41.89317293175523
41.894575193768816
41.8959774557824
41.897379717795985
41.89878197980957
41.900184241823155
41.90158650383674
41.902988765850324
41.90439102786391
41.905793289877494
41.90719555189108
41.90859781390466
41.91000043253978
41.91140305108019
41.91280566969195
41.91420828815988
41.915610906627805
41.91701352509573
41.91841614356366
41.91981876203159
41.92122138049952
41.922623998967445
41.92402661743537
41.9254292359033
41.92683185437123
41.92823447283916
41.929637091307086
41.931039841239446
41.9324425913138
41.93384534130444
41.93524809129508
41.93665084128572
41.93805359127636
41.939456341267
41.940859091257636
41.942261841248275
41.943664591238914
41.94506734122955
41.94647009122019
41.94787284121083
41.94927559120147
41.95067834119211
41.95208097532558
41.95348360931138
41.95488624316524
41.956288877019105
41.95769151087297
41.95909414472683
41.9604967785807
41.96189941243456
41.963302046288426
41.96470468014229
41.966107313996154
41.96750994785002
41.96891258170388
41.97031521555775
41.97171784941161
41.973120307986626
41.97452276657691
41.975925225147726
41.97732768371854
41.97873014228936
41.98013260086017
41.98153505943099
41.982937518001805
41.98433997657262
41.985742435143436
41.98714489371425
41.98854735228507
41.98994981085588
41.9913522694267
41.992754727997514
41.99415877870466
41.99556282954455
41.99696688029635
41.99837093104814
41.99977498179994
42.00117903255173
42.00258308330353
42.00398713405532
42.00539118480712
42.00679523555891
42.008199286310706
42.0096033370625
42.011007387814296
42.01241143856609
42.013815489317885
42.015218193513576
42.01662089777131
42.01802360215001
42.019426306554976
42.02082901085104
42.022231715201904
42.02363441944809
42.02503712382679
42.02643982823176
42.02784253252782
42.02924523687869
42.030647941124876
42.032050645503574
42.03345334990854
42.0348560542046
42.03625811333414
42.03766017261715
42.03906223205826
42.04046429149936
42.04186635094047
42.04326841038157
42.04467046982268
42.04607252926378
42.04747458870489
42.04887664814599
42.0502787075871
42.0516807670282
42.05308282646931
42.05448488591041
42.05588694535152
42.057290924588955
42.05869490384358
42.06009888318284
42.0615028625221
42.062906841861356
42.064310821200614
42.06571480053987
42.06711877987913
42.06852275921839
42.06992673855765
42.071330717896906
42.072734697236164
42.07413867657542
42.07554265591468
42.07694663525394
42.07834943991205
42.07975224470409
42.0811550496599
42.08255785461571
42.08396065957152
42.085363464527326
42.086766269483135
42.088169074438945
42.089571879394754
42.09097468435056
42.09237748930637
42.09378029426218
42.09518309921799
42.0965859041738
42.09798870912961
42.099392321989924
42.1007959347827
42.10219954767263
42.103603160562564
42.105006773452494
42.106410386342425
42.107813999232356
42.109217612122286
42.11062122501222
42.11202483790215
42.11342845079208
42.11483206368201
42.11623567657194
42.11763928946187
42.1190429023518
42.120445615553585
42.12184832896665
42.12325104211821
42.124653755269776
42.12605646842134
42.1274591815729
42.128861894724466
42.13026460787603
42.13166732102759
42.133070034179156
42.13447274733072
42.13587546048228
42.137278173633845
42.13868088678541
42.14008359993697
42.141486110312925
42.14288862078689
42.14429113121346
42.14569364164002
42.14709615206659
42.148498662493154
42.14990117291972
42.151303683346285
42.15270619377285
42.154108704199416
42.15551121462598
42.15691372505255
42.15831623547911
42.15971874590568
42.161121256332244
42.162524557878854
42.16392785923343
42.16533116078574
42.16673446219967
42.1681377636136
42.16954106502753
42.17094436644146
42.17234766785539
42.17375096926932
42.17515427068325
42.17655757209718
42.17796087351111
42.17936417492504
42.18076747633897
42.1821707777529
42.18357461938391
42.18497846111379
42.18638230268669
42.18778614425958
42.18918998583248
42.19059382740537
42.19199766897827
42.19340151055116
42.19480535212406
42.19620919369695
42.197613035269846
42.19901687684274
42.200420718415636
42.20182455998853
42.203228401561425
42.20463201357744
42.206035625726976
42.207439238090124
42.20884285022002
42.21024646251445
42.211650074877596
42.213053687007495
42.21445729930192
42.21586091166507
42.21726452379497
42.21866813608939
42.22007174845254
42.22147536058244
42.22287897287686
42.22428258524001
