0.001377727000464618
0.002755453879510341
0.004133180857742457
0.005510907761522347
0.0068886346675293714
0.008266361707811642
0.009644088611591533
0.011021815517598557
0.012399542557880828
0.013777269461660718
0.015154996367667742
0.016532723407950013
0.017910450311729904
0.01928817721773693
0.0206659042580192
0.022044391337586604
0.023422878440516503
0.024801365514975728
0.026179852731859254
0.02755833994874278
0.028936827165626306
0.030315314382509832
0.031693801599393355
0.03307228881627688
0.0344507760331604
0.03582926325004392
0.037207750466927446
0.03858623768381097
0.03996472490069449
0.041343212117578014
0.042723645100776184
0.04410407800866049
0.04548451081518756
0.046864943755564305
0.04824537654556799
0.04962580957827553
0.051006242518652274
0.05238667530865596
0.0537671083413635
0.055147541281740244
0.05652797407174393
0.05790840710445147
0.05928884004482821
0.0606692728348319
0.06204970586753944
0.06343085788560285
0.06481200989216446
0.06619316188040707
0.0675743138946238
0.06895546590884054
0.07033661792305727
0.07171776993727401
0.07309892195149074
0.07448007396570748
0.07586122597992422
0.07724237799414095
0.07862353000835769
0.08000468202257442
0.08138583403679116
0.0827669860510079
0.08415085079834024
0.08553471541988202
0.08691858021652417
0.08830244473904623
0.0896863092615683
0.09107017378409037
0.09245403830661243
0.0938379028291345
0.09522176735165656
0.09660563187417863
0.0979894963967007
0.09937336091922276
0.10075722544174483
0.10214108996426689
0.10352495448678896
0.10490850159453632
0.10629204872996628
0.10767559610508158
0.10905914348759795
0.11044269087011431
0.11182623825263067
0.11320978563514704
0.1145933330176634
0.11597688040017977
0.11736042778269613
0.1187439751652125
0.12012752254772886
0.12151106993024523
0.12289461731276159
0.12427816469527796
0.12565975276384886
0.12704134085724525
0.1284229288993502
0.12980451699274598
0.13118610508614176
0.13256769317953754
0.13394928127293332
0.1353308693663291
0.13671245745972488
0.13809404555312066
0.13947563364651644
0.14085722173991222
0.142238809833308
0.14362039792670378
0.14500198602009956
0.14638540103455516
0.14776881598491728
0.14915223092403593
0.15053564593478788
0.15191906094553984
0.1533024759562918
0.15468589096704374
0.1560693059777957
0.15745272098854765
0.1588361359992996
0.16021955101005156
0.1616029660208035
0.16298638103155547
0.16436979604230742
0.16575321105305937
0.16713465047811465
0.16851608986246427
0.1698975293314663
0.17127896853827795
0.17266040774508962
0.17404184695190128
0.17542328615871294
0.1768047253655246
0.17818616457233627
0.17956760377914793
0.1809490429859596
0.18233048219277126
0.18371192139958292
0.18509336060639459
0.18647479981320625
0.18785750954462252
0.18924021909181202
0.1906229288970799
0.1920056387023478
0.1933883485076157
0.19477105831288358
0.19615376811815147
0.19753647792341936
0.19891918772868725
0.20030189753395514
0.20168460733922303
0.20306731714449092
0.2044500269497588
0.2058327367550267
0.20721544656029459
0.20859601390942353
0.20997658134738037
0.21135714896515334
0.21273771640034342
0.2141182838355335
0.21549885127072357
0.21687941870591365
0.21825998614110373
0.2196405535762938
0.22102112101148388
0.22240168844667396
0.22378225588186404
0.22516282331705412
0.2265433907522442
0.22792395818743427
0.229307116279522
0.23069027417294863
0.23207343210134906
0.2334565900297495
0.23483974795814994
0.23622290588655037
0.2376060638149508
0.23898922174335124
0.24037237967175168
0.24175553760015212
0.24313869552855255
0.244521853456953
0.24590501138535342
0.24728816931375386
0.2486713272421543
0.2500522788561682
0.2514332306415641
0.2528141822618322
0.2541951339706608
0.25557608567948936
0.25695703738831793
0.2583379890971465
0.2597189408059751
0.26109989251480364
0.2624808442236322
0.2638617959324608
0.26524274764128936
0.2666236993501179
0.2680046510589465
0.26938560276777507
0.2707690917994143
0.2721525807104294
0.27353606970327227
0.2749195588109845
0.27630304791869675
0.277686537026409
0.27907002613412124
0.2804535152418335
0.28183700434954573
0.28322049345725797
0.2846039825649702
0.28598747167268246
0.2873709607803947
0.28875444988810695
0.2901379389958192
0.2915235170030504
0.29290909482768446
0.2942946726572517
0.29568025047554247
0.29706582829383327
0.29845140611212406
0.29983698393041486
0.30122256174870565
0.30260813956699645
0.30399371738528724
0.30537929520357804
0.30676487302186883
0.30815045084015963
0.3095360286584504
0.3109216064767412
0.3123056428058318
0.31368967930911457
0.31507371559604525
0.3164577518829759
0.3178417881699066
0.3192258244568373
0.32060986074376796
0.32199389703069864
0.3233779333176293
0.32476196960456
0.3261460058914907
0.32753004217842135
0.32891407846535203
0.3302981147522827
0.3316821510392134
0.33306799388939695
0.33445383663515593
0.33583967975030554
0.3372255229099897
0.33861136606967385
0.339997209229358
0.34138305238904215
0.3427688955487263
0.34415473870841046
0.3455405818680946
0.34692642502777876
0.3483122681874629
0.34969811134714707
0.3510839545068312
0.35246979766651537
0.3538552670242758
0.3552407366294207
0.35662620631138214
0.35801167593361616
0.3593971455558502
0.3607826151780842
0.3621680848003182
0.3635535544225522
0.36493902404478623
0.36632449366702025
0.36770996328925426
0.3690954329114883
0.3704809025337223
0.3718663721559563
0.3732518417781903
0.3746378069422726
0.3760237716841673
0.3774097365387118
0.3787957014045385
0.3801816662703652
0.3815676311361919
0.3829535960020186
0.3843395608678453
0.385725525733672
0.38711149059949873
0.38849745546532544
0.38988342033115214
0.39126938519697885
0.39265535006280555
0.39404131492863226
0.39542620380303545
0.3968110926209137
0.39819598161871866
0.3995808705397381
0.4009657594607576
0.40235064838177703
0.4037355373027965
0.40512042622381594
0.4065053151448354
0.40789020406585486
0.4092750929868743
0.41065998190789377
0.4120448708289132
0.4134297597499327
0.41481464867095214
0.4162009980099019
0.41758734747020565
0.41897369691648273
0.4203600462707115
0.42174639562494026
0.42313274497916903
0.4245190943333978
0.42590544368762656
0.42729179304185533
0.4286781423960841
0.43006449175031286
0.4314508411045416
0.4328371904587704
0.43422353981299916
0.4356098891672279
0.4369969720038982
0.4383840545600435
0.4397711372068424
0.44115821977792924
0.44254530234901607
0.4439323849201029
0.4453194674911897
0.44670655006227655
0.4480936326333634
0.4494807152044502
0.45086779777553704
0.45225488034662387
0.4536419629177107
0.4550290454887975
0.45641612805988435
0.4578022939689001
0.4591884597950202
0.46057462567116425
0.4619607915098238
0.4633469573484833
0.4647331231871428
0.46611928902580235
0.4675054548644619
0.4688916207031214
0.47027778654178093
0.47166395238044045
0.4730501182191
0.4744362840577595
0.47582244989641903
0.47720861573507856
0.47859207363262796
0.4799755318454593
0.4813589899406726
0.4827424481331841
0.48412590632569563
0.48550936451820714
0.48689282271071865
0.48827628090323016
0.4896597390957417
0.4910431972882532
0.4924266554807647
0.4938101136732762
0.4951935718657877
0.49657703005829923
0.49796048825081074
0.4993462194685108
0.5007319504363856
0.5021176814835162
0.5035034126449374
0.5048891438063585
0.5062748749677797
0.5076606061292008
0.509046337290622
0.5104320684520431
0.5118177996134643
0.5132035307748855
0.5145892619363066
0.5159749930977278
0.5173607242591489
0.5187464554205701
0.5201356000039798
0.5215247446269062
0.5229138893455281
0.5243030338715038
0.5256921783974795
0.5270813229234552
0.5284704674494309
0.5298596119754067
0.5312487565013824
0.5326379010273581
0.5340270455533338
0.5354161900793095
0.5368053346052852
0.538194479131261
0.5395836236572367
0.5409811853344594
0.5423787468681838
0.5437763083380267
0.5451738698739397
0.5465714314098526
0.5479689929457656
0.5493665544816786
0.5507641160175916
0.5521616775535045
0.5535592390894175
0.5549568006253305
0.5563543621612435
0.5577519236971564
0.5591494852330694
0.5605470467689824
0.5619419944497455
0.5633369422271326
0.5647318899873532
0.5661268377475739
0.5675217855077945
0.5689167332680152
0.5703116810282358
0.5717066287884565
0.5731015765486771
0.5744965243088977
0.5758914720691184
0.577286419829339
0.5786813675895597
0.5800763153497803
0.581471263110001
0.5828651780245331
0.5842590931416124
0.5856530082586917
0.5870469233606317
0.5884408383957764
0.5898347535128557
0.5912286686147957
0.5926225836499405
0.5940164987670198
0.5954104138689598
0.5968043289041045
0.5981982440211838
0.5995921591231238
0.6009860741582685
0.6023799892753479
0.6037766000905614
0.6051732107931203
0.606569821600047
0.6079664325308007
0.6093630434615545
0.6107596543923082
0.6121562653230619
0.6135528762538156
0.6149494871845693
0.616346098115323
0.6177427090460768
0.6191393199768305
0.6205359309075842
0.6219325418383379
0.6233291527690916
0.6247257043627903
0.6261222559247092
0.6275188077291061
0.628915359533503
0.6303119113378999
0.6317084631422968
0.6331050149466937
0.6345015667510906
0.6358981185554875
0.6372946703598844
0.6386912221642813
0.6400877739686782
0.6414843257730751
0.642880877577472
0.6442774293818689
0.6456730563273178
0.6470686831356172
0.6484643101200463
0.6498599371044755
0.6512555640889047
0.6526511910733339
0.6540468180577631
0.6554424450421923
0.6568380720266215
0.6582336990110507
0.6596293259954799
0.661024952979909
0.6624205799643382
0.6638162069487674
0.6652118339331966
0.6666079904130289
0.66800414652059
0.6694003028342155
0.6707964590970303
0.6721926153598452
0.6735887716226601
0.6749849278854749
0.6763810841482898
0.6777772404111047
0.6791733966739195
0.6805695529367344
0.6819657091995492
0.6833618654623641
0.684758021725179
0.6861541779879938
0.6875513841826926
0.6889485901900294
0.6903457963947752
0.6917430022772818
0.6931402081597884
0.694537414042295
0.6959346199248015
0.6973318258073081
0.6987290316898147
0.7001262375723213
0.7015234434548279
0.7029206493373344
0.704317855219841
0.7057150611023476
0.7071122669848542
0.7085080506366014
0.709903834310593
0.7112996179113641
0.7126954015777577
0.7140911852593462
0.7154869689532319
0.7168827526196255
0.7182785363012141
0.7196743199950998
0.7210701036614934
0.7224658873430819
0.7238616710369676
0.7252574547033612
0.7266532383849498
0.7280490220788355
0.7294444530616067
0.7308398843019718
0.7322353154412804
0.7336307467080594
0.7350261779748384
0.7364216092416174
0.7378170405083964
0.7392124717751754
0.7406079030419543
0.7420033343087333
0.7433987655755123
0.7447941968422913
0.7461896281090703
0.7475850593758493
0.7489804906426283
0.7503761374850481
0.7517717840972095
0.7531674304988806
0.7545630769325722
0.7559587233662638
0.7573543697999554
0.758750016233647
0.7601456626673386
0.7615413091010302
0.7629369555347219
0.7643326019684135
0.7657282484021051
0.7671238948357967
0.7685195412694883
0.7699151877031799
0.7713133700509097
0.7727115523603532
0.7741097344386371
0.7755079164711225
0.7769060985036079
0.7783042805360934
0.7797024625685788
0.7811006446010642
0.7824988266335496
0.7838970086660351
0.7852951906985205
0.7866933727310059
0.7880915547634914
0.7894897367959768
0.7908879188284622
0.7922864544025846
0.7936849897962993
0.7950835251782395
0.7964820603579505
0.7978805955376616
0.7992791307173726
0.8006776658970836
0.8020762010767946
0.8034747362565056
0.8048732714362166
0.8062718066159276
0.8076703417956386
0.8090688769753496
0.8104674121550606
0.8118659473347716
0.8132594714240989
0.8146529956973423
0.8160465199295308
0.8174400440184152
0.8188335681072996
0.820227092196184
0.8216206162850683
0.8230141403739527
0.8244076644628371
0.8258011885517215
0.8271947126406058
0.8285882367294902
0.8299817608183746
0.831375284907259
0.8327688089961434
0.8341656613322735
0.8355625135647522
0.8369593659470046
0.8383562183558957
0.8397530707647868
0.8411499231736779
0.842546775582569
0.84394362799146
0.8453404804003511
0.8467373328092422
0.8481341852181333
0.8495310376270244
0.8509278900359155
0.8523247424448066
0.8537215948536977
0.8551172939913564
0.8565129933461169
0.8579086925716403
0.8593043917971637
0.8607000910226871
0.8620957902482105
0.8634914894737339
0.8648871886992573
0.8662828879247807
0.8676785871503041
0.8690742863758275
0.8704699856013509
0.8718656848268743
0.8732613840523977
0.8746570832779211
0.8760516182226686
0.8774461530860003
0.8788406881512625
0.8802352230624878
0.8816297579737131
0.8830242928849384
0.8844188277961638
0.8858133627073891
0.8872078976186144
0.8886024325298397
0.889996967441065
0.8913915023522904
0.8927860372635157
0.894180572174741
0.8955751070859663
0.8969685101520674
0.8983619133177116
0.8997553162274297
0.9011487192825147
0.9025421221771087
0.9039355250717027
0.9053289279662967
0.9067223308608907
0.9081157337554847
0.9095091366500787
0.9109025395446727
0.9122959424392667
0.9136893453338607
0.9150827482284547
0.9638651586368868
1.0112973327876609
1.0587295068053286
1.1061616808116879
1.153593854818047
1.2010260288244063
1.2484582028307656
1.2958903768371248
1.343322550843484
1.3907547248498433
1.4381868988562025
1.4856190728625618
1.533051246868921
1.5804834208752803
1.6279155948816395
1.6753477688879987
1.7248683300373613
1.7743888912391692
1.8239094523216197
1.8734300134040702
1.9229505744865207
1.9724711355689712
2.0219916966514218
2.0715122577338723
2.1210328188163228
2.1705533798987733
2.220073940981224
2.2695945020636743
2.319115063146125
2.3686356242285753
2.418156185311026
2.4644788802367983
2.5108015753536908
2.55712427039791
2.6034469653032253
2.6497696602085408
2.6960923551138563
2.7424150500191717
2.7887377449244872
2.8350604398298027
2.881383134735118
2.9277058296404337
2.974028524545749
3.0203512194510647
3.06667391435638
3.1129966092616956
3.159210655878495
3.2054247025583784
3.2516387491530545
3.2978527957376365
3.3440668423323126
3.3902808889168945
3.4364949355115706
3.4827089820961525
3.5289230286908286
3.5751370752754106
3.6213511218700867
3.6675651684546686
3.7137792150493447
3.7599932616339267
3.8062073082286028
3.8553379803206504
3.904468652552003
3.9535993247294265
4.00272999690685
4.051860669084273
4.100991341261696
4.150122013439119
4.199252685616542
4.248383357793965
4.297514029971388
4.346644702148811
4.3957753743262336
4.4449060465036565
4.4940367186810795
4.543167390858502
4.591554519367934
4.639941647983864
4.6883287766106125
4.7367159052297865
4.785103033856535
4.833490162475709
4.881877291102457
4.930264419721631
4.978651548348379
5.027038676967553
5.075425805594302
5.1238129342134755
5.172200062840224
5.220587191459398
5.268974320086146
5.316811634454588
5.364648948883773
5.412486263251383
5.4603235776189925
5.508160891986602
5.555998206354212
5.603835520721821
5.651672835089431
5.699510149457041
5.74734746382465
5.79518477819226
5.8430220925598695
5.890859406927479
5.938696721295089
5.986534035662698
6.034605720928354
6.082677406349359
6.1307490917047645
6.178820777114467
6.226892462505813
6.2749641479569265
6.323035833366629
6.371107518757975
6.4191792042090885
6.467250889618791
6.515322575010137
6.5633942604612505
6.611465945870953
6.659537631262299
6.7076093167134125
6.75633568345767
6.805062050163546
6.853788416886536
6.902514783609526
6.951241150332516
6.999967517055506
7.048693883778496
7.097420250501486
7.146146617224476
7.194872983947466
7.243599350670456
7.292325717393446
7.341052084116436
7.389778450839426
7.438504817562416
7.4873113443499655
7.536117871038192
7.584924397759913
7.633730924443413
7.682537451219736
7.7313439779414574
7.780150504624958
7.828957031401281
7.877763558123002
7.926570084806502
7.975376611582825
8.024183138304545
8.072989664988047
8.12179619176437
8.17060271848609
8.218931012963445
8.267259307522181
8.315587602010716
8.36391589649925
8.412244190987785
8.46057248547632
8.508900779964854
8.557229074453389
8.605557368941923
8.653885663430458
8.702213957918993
8.750542252407527
8.798870546896062
8.847198841384596
8.895527135873131
8.946084184510815
8.996641233221997
9.047198282006907
9.097755330811237
9.148312379596147
9.198869428400478
9.249426477185388
9.299983525989719
9.350540574774628
9.40109762357896
9.451654672363869
9.5022117211682
9.55276876995311
9.60332581875744
9.65388286754235
9.703315516602292
9.752748165455019
9.80218081441501
9.851613463403613
9.901046112392216
9.950478761380818
9.999911410369421
10.049344059358024
10.098776708346627
10.14820935733523
10.197642006323832
10.247074655312435
10.296507304301038
10.34593995328964
10.395372602278243
10.44435995213783
10.493347301934653
10.542334651689142
10.591322001443631
10.64030935119812
10.689296700952609
10.738284050707097
10.787271400461586
10.836258750216075
10.885246099970564
10.934233449725053
10.983220799479541
11.03220814923403
11.081195498988519
11.130182848743008
11.179975471572057
11.22976809432793
11.27956071716844
11.32935334000895
11.37914596284946
11.42893858568997
11.47873120853048
11.52852383137099
11.5783164542115
11.62810907705201
11.67790169989252
11.72769432273303
11.77748694557354
11.827279568414049
11.877072191254559
11.92490394367723
11.972735695948767
12.02056744832473
12.068399200700693
12.116230953076656
12.164062705452618
12.211894457828581
12.259726210204544
12.307557962580507
12.35538971495647
12.403221467332433
12.451053219708395
12.498884972084358
12.546716724460321
12.594548476836284
12.64326596365422
12.69198345043594
12.740700937172985
12.78941842391003
12.838135910647075
12.88685339738412
12.935570884121166
12.984288370858211
13.033005857595256
13.081723344332302
13.130440831069347
13.179158317806392
13.227875804543437
13.276593291280482
13.325310778017528
13.374050362889381
13.422789947826287
13.471529532625116
13.520269117570136
13.569008702515156
13.617748287460175
13.666487872405195
13.715227457350215
13.763967042295235
13.812706627240255
13.861446212185275
13.910185797130294
13.958925382075314
14.007664967020334
14.056404551965354
14.105403269456962
14.154401986901092
14.203400704590646
14.252399422280199
14.301398139969752
14.350396857659305
14.399395575348859
14.448394293038412
14.497393010727965
14.546391728417518
14.595390446107071
14.644389163796625
14.693387881486178
14.742386599175731
14.791385316865284
14.840170630227073
14.888955943830636
14.9377412574342
14.986526571037762
15.035311884641326
15.084097198244889
15.132882511848452
15.181667825452015
15.230453139055578
15.279238452659142
15.328023766262705
15.376809079866268
15.425594393469831
15.474379707073394
15.523165020676958
15.570514509212062
15.617863997773165
15.665213486311583
15.712562974851197
15.759912463389615
15.80726195192923
15.854611440467647
15.901960929007261
15.949310417545679
15.996659906085293
16.04400939462371
16.091358883163323
16.138708371701743
16.186057860241355
16.233407348779775
16.27959019584565
16.32577304287454
16.371955889889854
16.418138736748094
16.464321583763407
16.510504430621648
16.55668727763696
16.6028701244952
16.649052971510514
16.695235818368754
16.741418665384067
16.787601512242308
16.83378435925762
16.87996720611586
16.926150053131174
16.9275407043692
16.928931355918433
16.930322007550274
16.93171265898098
16.93310331041169
16.934493961842396
16.935884613273103
16.93727526470381
16.938665916134518
16.940056567565225
16.941447218995933
16.94283787042664
16.944228521857347
16.945619173288055
16.947009824718762
16.9484010319718
16.949792239208
16.95118344637957
16.952574653525563
16.953965860671556
16.95535706781755
16.95674827496354
16.958139482109534
16.959530689255526
16.96092189640152
16.962313103547512
16.963704310693505
16.965095517839497
16.96648672498549
16.967877932131483
16.969267383439778
16.9706568347379
16.972046286113383
16.97343573737887
16.97482518864436
16.97621463990985
16.977604091175337
16.978993542440826
16.980382993706314
16.981772444971803
16.98316189623729
16.98455134750278
16.98594079876827
16.987330250033757
16.988719701299246
16.990108230517514
16.991496759696766
16.992885289128143
16.994273818471225
16.995662347814307
16.99705087715739
16.99843940650047
16.999827935843552
17.001216465186634
17.002604994529715
17.003993523872797
17.00538205321588
17.00677058255896
17.008159111902042
17.009540506545353
17.010922384436977
17.012304262208293
17.013686139828327
17.01506801737034
17.016449894912352
17.017831772454365
17.019213649996377
17.02059552753839
17.021977405080403
17.023359282622415
17.024741160164428
17.02612303770644
17.027504915248453
17.028886792790466
17.03026867033248
17.03164974605451
17.033030821891742
17.034411897702455
17.03579297357577
17.037174049449085
17.0385551253224
17.039936201195715
17.04131727706903
17.042698352942345
17.04407942881566
17.045460504688975
17.04684158056229
17.048222656435605
17.04960373230892
17.050984808182235
17.052367473471712
17.053750138417453
17.055132803665934
17.056515468771934
17.057898133877934
17.059280798983934
17.060663464089934
17.062046129195934
17.063428794301934
17.064811459407935
17.066194124513935
17.067576789619935
17.068959454725935
17.070342119831935
17.071724784937935
17.07310011722118
17.074475449386345
17.075850781577227
17.077226113797295
17.07860144596246
17.07997677815052
17.081352110370588
17.082727442535752
17.084102774723814
17.08547810694388
17.086853439109046
17.088228771297107
17.089604103517175
17.09097943568234
17.0923547678704
17.093731645992282
17.095108524044647
17.09648540193295
17.097862279909755
17.09923915788656
17.100616035863368
17.101992913840174
17.10336979181698
17.104746669793787
17.106123547770594
17.1075004257474
17.108877303724206
17.110254181701013
17.11163105967782
17.113007937654626
17.114378307569243
17.115748677612924
17.117119047478578
17.118489417344232
17.119859787209887
17.12123015707554
17.122600526941195
17.12397089680685
17.125341266672503
17.126711636538158
17.12808200640381
17.129452376269466
17.13082274613512
17.132193116000774
17.13356348586643
17.13493694603749
17.13631040636268
17.13768386657156
17.139057326780442
17.140430786989324
17.141804247198206
17.143177707407087
17.14455116761597
17.14592462782485
17.147298088033732
17.148671548242614
17.150045008451496
17.151418468660378
17.15279192886926
17.15416538907814
17.155538781788817
17.156912174468665
17.158285567088754
17.159658959558197
17.16103235202764
17.162405744497082
17.163779136966525
17.165152529435968
17.16652592190541
17.167899314374854
17.169272706844296
17.17064609931374
17.172019491783182
17.173392884252625
17.174766276722067
17.176135474295805
17.17750467176809
17.17887386923119
17.18024306669429
17.181612264157387
17.182981461620486
17.184350659083584
17.185719856546683
17.187089054009782
17.18845825147288
17.18982744893598
17.191196646399078
17.192565843862177
17.193935041325275
17.195304238788374
17.19667383780892
17.198043436951014
17.199413035969787
17.20078263498856
17.202152234007333
17.203521833026105
17.204891432044878
17.20626103106365
17.207630630082424
17.209000229101196
17.21036982811997
17.211739427138742
17.213109026157515
17.214478625176287
17.21584822419506
17.217218053834237
17.218587883450688
17.219957712760788
17.22132754207089
17.22269737138099
17.22406720069109
17.22543703000119
17.22680685931129
17.22817668862139
17.22954651793149
17.23091634724159
17.23228617655169
17.23365600586179
17.23502583517189
17.23639566448199
17.237766559560516
17.239137454620465
17.240508349870762
17.241879244977525
17.24325014009652
17.244621035291495
17.24599193037415
17.247362825307317
17.24873372049429
17.250104615613285
17.25147551080826
17.252846405890914
17.25421730082408
17.255588196011054
17.25695909113005
17.25833038021983
17.259701669421148
17.261072958512614
17.262444247716488
17.26381553692036
17.265186826124236
17.26655811532811
17.267929404531984
17.269300693735858
17.27067198293973
17.272043272143605
17.27341456134748
17.274785850551353
17.276157139755227
17.2775284289591
17.278899370401025
17.28027031155955
17.2816412525993
17.28301219373289
17.284383135004624
17.285754076044373
17.287125017177964
17.288495958449698
17.289866899489446
17.291237840623037
17.29260878189477
17.29397972293452
17.29535066406811
17.296721605339844
17.298092546379593
17.29946296312467
17.300833380016613
17.30220379685729
17.303574213755425
17.30494463065356
17.306315047551692
17.307685464449825
17.30905588134796
17.310426298246092
17.311796715144226
17.31316713204236
17.314537548940493
17.315907965838626
17.31727838273676
17.318648799634893
17.320024112312637
17.321399424980257
17.322774737600277
17.324150050220297
17.325525362840317
17.326900675460337
17.328275988080357
17.329651300700377
17.331026613320397
17.332401925940417
17.333777238560437
17.335152551180457
17.336527863800477
17.337903176420497
17.339278489040517
17.34064964071083
17.34202079258418
17.343391944224898
17.344763095865616
17.346134247506335
17.347505399147053
17.34887655078777
17.35024770242849
17.35161885406921
17.352990005709927
17.354361157350645
17.355732308991364
17.357103460632082
17.3584746122728
17.35984576391352
17.36121498893357
17.362584214120094
17.363953439256335
17.36532266414163
17.366691889026924
17.36806111391222
17.369430338797514
17.37079956368281
17.372168788568104
17.3735380134534
17.374907238338693
17.376276463223988
17.377645688109283
17.379014912994577
17.380384137879872
17.381759230136804
17.383134322157222
17.38450941435
17.385884506542777
17.387259598735554
17.38863469092833
17.39000978312111
17.391384875313886
17.392759967506663
17.39413505969944
17.395510151892218
17.396885244084995
17.398260336277772
17.39963542847055
17.401010520663327
17.402381978699687
17.40375343657382
17.40512489462467
17.406496352698532
17.407867810772395
17.409239268846257
17.41061072692012
17.41198218499398
17.413353643067843
17.414725101141705
17.416096559215568
17.41746801728943
17.418839475363292
17.420210933437154
17.421582391511016
17.422956354366434
17.424330316904445
17.42570427964454
17.42707824238463
17.428452205124724
17.429826167864817
17.43120013060491
17.432574093345004
17.433948056085097
17.43532201882519
17.436695981565283
17.438069944305376
17.43944390704547
17.440817869785562
17.442191832525655
17.443563010804485
17.444934189084893
17.446305367508025
17.447676545931156
17.449047724354287
17.450418902777418
17.45179008120055
17.45316125962368
17.45453243804681
17.455903616469943
17.457274794893074
17.458645973316205
17.460017151739336
17.461388330162467
17.4627595085856
17.464130080111484
17.465500651649666
17.466871223204283
17.4682417947589
17.469612366313516
17.470982937868133
17.47235350942275
17.473724080977366
17.475094652531983
17.4764652240866
17.477835795641216
17.479206367195832
17.48057693875045
17.481947510305066
17.483318081859682
17.48469108621257
17.486064090347792
17.487437094604147
17.488810098903333
17.49018310320252
17.491556107501705
17.49292911180089
17.494302116100076
17.495675120399262
17.49704812469845
17.498421128997634
17.49979413329682
17.501167137596006
17.502540141895192
17.503913146194378
17.505287813984935
17.506662481743277
17.50803714923695
17.509411816730626
17.5107864842243
17.512161151717976
17.51353581921165
17.514910486705325
17.516285154199
17.517659821692675
17.51903448918635
17.520409156680024
17.5217838241737
17.523158491667374
17.52453315916105
17.525907119521
17.527281080046148
17.528655040494176
17.530029001077743
17.53140296166131
17.532776922244878
17.534150882828445
17.535524843412013
17.53689880399558
17.538272764579148
17.539646725162715
17.541020685746282
17.54239464632985
17.543768606913417
17.545142567496985
