0.0013979515184058518
0.0027959027952528257
0.004193854079487612
0.005591805410994725
0.006989756709719332
0.008387707993954118
0.009785659325461231
0.011183610624185837
0.012581561908420623
0.013979513239927736
0.015377464538652342
0.01677541582288713
0.018173367154394243
0.01957131845311885
0.020969269737353635
0.022367666719252693
0.023766063721537955
0.0251644607534701
0.026562857610202904
0.02796125446693571
0.029359651323668516
0.030758048180401322
0.03215644503713413
0.033554841893866934
0.03495323875059974
0.036351635607332546
0.03775003246406535
0.03914842932079816
0.04054682617753096
0.04194522303426377
0.04334474044127095
0.044744257796132024
0.04614377514708888
0.04754329251699733
0.04894280996519157
0.050342327266213086
0.05174184463612153
0.053141362084315774
0.05454087938533729
0.05594039675524574
0.05733991420343998
0.058739431504461495
0.06013894887436994
0.061538466322564184
0.0629379836235857
0.06433791475966916
0.0657378457337106
0.06713777685235567
0.06853770814931302
0.06993763944627038
0.07133757074322773
0.07273750204018509
0.07413743333714244
0.0755373646340998
0.07693729593105715
0.0783372272280145
0.07973715852497186
0.08113708982192921
0.08253702111888657
0.08393695241584392
0.08533844938814775
0.0867399461117687
0.08814144283744882
0.08954293973152516
0.0909444366256015
0.09234593351967785
0.09374743041375419
0.09514892730783053
0.09655042420190688
0.09795192109598322
0.09935341799005956
0.1007549148841359
0.10215641177821225
0.10355790867228859
0.10495940556636493
0.10636071939617094
0.10776203306617065
0.10916334686905861
0.11056466059752841
0.11196597432599821
0.11336728805446801
0.11476860178293781
0.11616991551140761
0.11757122923987741
0.11897254296834721
0.12037385669681701
0.12177517042528681
0.12317648415375661
0.12457779788222641
0.12597911161069622
0.12737929459594394
0.12877947756264133
0.13017966058459718
0.13157984357989091
0.13298002657518465
0.1343802095704784
0.13578039256577212
0.13718057556106586
0.1385807585563596
0.13998094155165333
0.14138112454694707
0.1427813075422408
0.14418149053753454
0.14558167353282828
0.146981856528122
0.14838309403892702
0.1497843314890276
0.15118556880133263
0.15258680625657597
0.15398804371181932
0.15538928116706266
0.156790518622306
0.15819175607754934
0.1595929935327927
0.16099423098803603
0.16239546844327937
0.16379670589852272
0.16519794335376606
0.1665991808090094
0.16800041826425274
0.16940051526855832
0.1708006122875147
0.17220070932183468
0.1736008064561604
0.17500090359048615
0.17640100072481188
0.1778010978591376
0.17920119499346335
0.18060129212778908
0.18200138926211482
0.18340148639644055
0.18480158353076628
0.18620168066509202
0.18760177779941775
0.18900187493374349
0.19040270530860395
0.19180353570989195
0.1932043661830901
0.19460519667136045
0.1960060271596308
0.19740685764790117
0.19880768813617153
0.2002085186244419
0.20160934911271225
0.2030101796009826
0.20441101008925297
0.20581184057752333
0.2072126710657937
0.20861350155406405
0.2100143320423344
0.21141392664655745
0.21281352146723873
0.21421311627890913
0.21561271096692716
0.2170123056549452
0.21841190034296323
0.21981149503098127
0.2212110897189993
0.22261068440701734
0.22401027909503538
0.2254098737830534
0.22680946847107145
0.22820906315908948
0.22960865784710752
0.23100825253512555
0.2324093414563558
0.23381043060422788
0.23521151956429462
0.23661260873887283
0.23801369791345103
0.23941478708802924
0.24081587626260745
0.24221696543718566
0.24361805461176386
0.24501914378634207
0.24642023296092028
0.24782132213549848
0.2492224113100767
0.2506235004846549
0.25202458965923313
0.2534244055058327
0.254824221179391
0.2562240369047782
0.2576238524873193
0.2590236680698604
0.2604234836524015
0.2618232992349426
0.26322311481748367
0.26462293040002477
0.26602274598256587
0.26742256156510696
0.26882237714764806
0.27022219273018916
0.27162200831273026
0.27302182389527135
0.2744231038877993
0.2758243837614212
0.2772256637901174
0.2786269438904578
0.28002822399079813
0.2814295040911385
0.28283078419147883
0.2842320642918192
0.28563334439215954
0.2870346244924999
0.28843590459284024
0.2898371846931806
0.29123846479352095
0.2926397448938613
0.29404102499420165
0.2954435099165285
0.2968459949526511
0.29824847989426034
0.29965096478665304
0.30105344967904574
0.30245593457143843
0.30385841946383113
0.30526090435622383
0.3066633892486165
0.3080658741410092
0.3094683590334019
0.3108708439257946
0.3122733288181873
0.31367581371058
0.3150782986029727
0.31647989445139035
0.3178814903815215
0.319283086380524
0.32068468237952646
0.32208627837852893
0.3234878743775314
0.3248894703765339
0.32629106637553634
0.3276926623745388
0.3290942583735413
0.33049585437254375
0.3318974503715462
0.3332990463705487
0.33470064236955116
0.33610223836855363
0.3375048760668294
0.33890751366796723
0.3403101513002388
0.3417127890552091
0.34311542681017937
0.34451806456514966
0.34592070232011995
0.34732334007509025
0.34872597783006054
0.35012861558503083
0.3515312533400011
0.3529338910949714
0.3543365288499417
0.355739166604912
0.3571418043598823
0.3585442268319689
0.3599466493371044
0.36134907178656456
0.3627514943718953
0.36415391695722604
0.3655563395425568
0.36695876212788753
0.36836118471321827
0.369763607298549
0.37116602988387976
0.3725684524692105
0.37397087505454124
0.375373297639872
0.3767757202252027
0.37817814281053347
0.3795808508583555
0.38098355893292996
0.38238626688396105
0.38378897485659047
0.3851916828292199
0.3865943908018493
0.38799709877447874
0.38939980674710817
0.3908025147197376
0.392205222692367
0.39360793066499644
0.39501063863762587
0.3964133466102553
0.3978160545828847
0.39921876255551414
0.40062084997250913
0.4020229376263588
0.40342502520714985
0.40482711309001923
0.4062292009728886
0.407631288855758
0.4090333767386274
0.41043546462149677
0.41183755250436616
0.41323964038723554
0.4146417282701049
0.4160438161529743
0.4174459040358437
0.4188479919187131
0.42025007980158247
0.4216530095639256
0.42305593930328195
0.4244588689658417
0.4258617986284014
0.4272647282909611
0.42866765795352085
0.4300705876160806
0.4314735172786403
0.43287644694120003
0.43427937660375976
0.4356823062663195
0.4370852359288792
0.43848816559143894
0.43989109525399867
0.4412940249165584
0.4426973772900049
0.4441007297036411
0.4455040819696436
0.44690743423564605
0.4483107865016485
0.449714138767651
0.45111749103365345
0.4525208432996559
0.4539241955656584
0.45532754783166085
0.4567309000976633
0.4581342523636658
0.45953760462966825
0.4609409568956707
0.4623443091616732
0.46374713310927607
0.46514995708675805
0.4665527810007084
0.46795560495506217
0.4693584289094159
0.4707612528637697
0.47216407681812345
0.4735669007724772
0.47496972472683097
0.4763725486811847
0.4777753726355385
0.47917819658989225
0.480581020544246
0.48198384449859977
0.4833866684529535
0.4847879308459481
0.486189193131417
0.4875904553020535
0.48899171765020877
0.490392979998364
0.49179424234651925
0.4931955046946745
0.49459676704282973
0.495998029390985
0.4973992917391402
0.49880055408729546
0.5002018164354507
0.501603078783606
0.5030043411317613
0.5044056034799166
0.5058081766242323
0.5072107498213652
0.5086133230889205
0.5100158965271079
0.5114184699652953
0.5128210434034827
0.5142236168416701
0.5156261902798575
0.5170287637180448
0.5184313371562322
0.5198339105944196
0.521236484032607
0.5226390574707944
0.5240416309089818
0.5254442043471692
0.5268487443373548
0.5282532842320786
0.529657824310564
0.5310623643692244
0.5324669044278848
0.5338714444865452
0.5352759845452056
0.5366805246038661
0.5380850646625265
0.5394896047211869
0.5408941447798473
0.5422986848385077
0.5437032248971682
0.5451077649558286
0.546512305014489
0.5479212013684309
0.5493300977409342
0.5507389940850203
0.5521478902966157
0.5535567865082112
0.5549656827198066
0.5563745789314021
0.5577834751429975
0.559192371354593
0.5606012675661884
0.5620101637777839
0.5634190599893794
0.5648279562009748
0.5662368524125703
0.5676457486241657
0.569053140683056
0.5704605327083572
0.5718679248505553
0.5732753169927534
0.5746827091349515
0.5760901012771495
0.5774974934193476
0.5789048855615457
0.5803122777037438
0.5817196698459419
0.58312706198814
0.5845344541303381
0.5859418462725362
0.5873492384147343
0.5887566305569324
0.5901634277973036
0.5915702252392121
0.592977022696616
0.5943838201540199
0.5957906176114238
0.5971974150688277
0.5986042125262316
0.6000110099836355
0.6014178074410395
0.6028246048984434
0.6042314023558473
0.6056381998132512
0.6070449972706551
0.608451794728059
0.6098585921854629
0.6112669414861996
0.6126752907777593
0.6140836401870999
0.6154919894704571
0.6169003387538143
0.6183086880371715
0.6197170373205287
0.6211253866038859
0.6225337358872431
0.6239420851706003
0.6253504344539575
0.6267587837373148
0.628167133020672
0.6295754823040292
0.6309838315873864
0.632392147055338
0.633800462395931
0.6352087776055059
0.6366170928150807
0.6380254080246556
0.6394337232342304
0.6408420384438053
0.6422503536533801
0.643658668862955
0.6450669840725298
0.6464752992821047
0.6478836144916795
0.6492919297012544
0.6507002449108292
0.6521085601204041
0.6535163429850855
0.6549241259600372
0.6563319090649627
0.6577396921698883
0.6591474752748138
0.6605552583797393
0.6619630414846648
0.6633708245895903
0.6647786076945158
0.6661863907994413
0.6675941739043668
0.6690019570092923
0.6704097401142178
0.6718175232191433
0.6732253063240689
0.6746333942424206
0.6760414820453359
0.6774495697847414
0.6788576577310281
0.6802657456773149
0.6816738336236017
0.6830819215698885
0.6844900095161752
0.685898097462462
0.6873061854087488
0.6887142733550355
0.6901223613013223
0.6915304492476091
0.6929385371938959
0.6943466251401826
0.6957553169548597
0.6971640088399645
0.6985727007023141
0.6999813925024893
0.7013900843026644
0.7027987761028395
0.7042074679030146
0.7056161597031897
0.7070248515033648
0.7084335433035399
0.709842235103715
0.7112509269038901
0.7126596187040652
0.7140683105042404
0.7154770023044155
0.7168848754146543
0.7182927486170132
0.719700621850106
0.7211084952410569
0.7225163684119122
0.7239242417012776
0.7253321150922285
0.7267399882630838
0.7281478615524491
0.7295557349434001
0.7309636081142554
0.7323714814036207
0.7337793547945717
0.735187227965427
0.7365951012547923
0.7380027716711997
0.7394104421451705
0.7408181123311132
0.7422257826186175
0.7436334529061218
0.7450411231936261
0.7464487934811305
0.7478564637686348
0.7492641340561391
0.7506718043436434
0.7520794746311478
0.7534871449186521
0.7548948152061564
0.7563024854936607
0.7577101557811651
0.7591179500951459
0.7605257446110736
0.761933539120408
0.7633413336297423
0.7647491281390767
0.7661569226484111
0.7675647171577454
0.7689725116670798
0.7703803061764142
0.7717881006857485
0.7731958951950829
0.7746036897044173
0.7760114842137517
0.777419278723086
0.7788270732324204
0.7802363263989772
0.7816455795500226
0.7830548329063263
0.7844640862352276
0.7858733395641289
0.7872825928930302
0.7886918462219314
0.7901010995508327
0.791510352879734
0.7929196062086353
0.7943288595375366
0.7957381128664379
0.7971473661953392
0.7985566195242405
0.7999658728531418
0.8013753293702267
0.8027847859687609
0.8041942424446638
0.8056036988234537
0.8070131552022437
0.8084226115810337
0.8098320679598237
0.8112415243386136
0.8126509807174036
0.8140604370961936
0.8154698934749836
0.8168793498537735
0.8182888062325635
0.8196982626113535
0.8211077189901435
0.8225142911222062
0.8239208632806777
0.8253274355316522
0.8267340076995053
0.8281405798673585
0.8295471520352116
0.8309537242030647
0.8323602963709178
0.8337668685387709
0.835173440706624
0.8365800128744771
0.8379865850423303
0.8393931572101834
0.8407997293780365
0.8422063015458896
0.8436147898449469
0.8450232780714211
0.8464317662323243
0.8478402543932275
0.8492487425541307
0.850657230715034
0.8520657188759372
0.8534742070368404
0.8548826951977436
0.8562911833586468
0.8576996715195501
0.8591081596804533
0.8605166478413565
0.8619251360022597
0.863333624163163
0.8647414488204493
0.8661492734560977
0.8675570981298418
0.868964922803586
0.8703727474773301
0.8717805721510742
0.8731883968248183
0.8745962214985624
0.8760040461723065
0.8774118708460507
0.8788196955197948
0.8802275201935389
0.881635344867283
0.8830431695410271
0.8844509942147712
0.8858581485038712
0.8872653030077392
0.8886724574736701
0.890079611939601
0.8914867664055318
0.8928939208714627
0.8943010753373936
0.8957082298033244
0.8971153842692553
0.8985225387351862
0.899929693201117
0.9013368476670479
0.9027440021329788
0.9041511565989097
0.9055583110648405
0.9069648134434232
0.9083713157710509
0.9097778181074454
0.911184320446062
0.9125908229209169
0.9139973253957717
0.9154038278706266
0.9168103303454814
0.9182168328203363
0.9196233352951911
0.921029837770046
0.9224363402449008
0.9238428427197557
0.9252493451946106
1.0406651672096856
1.1562039874284753
1.2717428078105566
1.3872816279786344
1.5028204481467122
1.61835926831479
1.7338980884828679
1.8494369086509457
1.9649757288190235
2.0805145489871015
2.1960533691551793
2.311592189323257
2.427131009491335
2.542669829659413
2.6582086498274906
2.7737474699955684
2.889193815694073
3.0046401613801064
3.120086506998225
3.2355328526163434
3.350979198234462
3.4664255438525804
3.581871889470699
3.6973182350888174
3.812764580706936
3.9282109263250544
4.043657271943173
4.159103617561292
4.27454996317941
4.389996308797529
4.505442654415647
4.620780540090223
4.736118425892433
4.85145631178923
4.966794197439253
5.0821320830892756
5.1974699687392985
5.312807854389321
5.428145740039344
5.543483625689367
5.65882151133939
5.774159396989413
5.889497282639436
6.004835168289459
6.120173053939482
6.2355109395895045
6.350844592262295
6.466178244817887
6.581511897396108
6.696845550115525
6.812179202693747
6.9275128554131635
7.042846507991385
7.158180160710802
7.273513813289023
7.38884746600844
7.504181118586661
7.619514771306078
7.7348484238843
7.8501820766037165
7.965515729181938
8.080912321681616
8.196308914313114
8.311705506998749
8.427102099684383
8.542498692370017
8.657895285055652
8.773291877741286
8.88868847042692
9.004085063112555
9.11948165579819
9.234878248483824
9.350274841169458
9.465671433855093
9.581068026540727
9.696464619226361
9.81199139472051
9.927518170225234
10.043044945954277
10.158571721528983
10.274098497258025
10.389625272832731
10.505152048561774
10.62067882413648
10.736205599865523
10.851732375440228
10.967259151169271
11.082785926743977
11.19831270247302
11.313839478047726
11.429366253776768
11.544913934235836
11.660461614943117
11.776009295465295
11.891556975987474
12.007104656509652
12.12265233703183
12.238200017554009
12.353747698076187
12.469295378598366
12.584843059120544
12.700390739642723
12.815938420164901
12.93148610068708
13.047033781209258
13.162581461731437
13.278099541872258
13.39361762173819
13.509135701799593
13.624653781843493
13.740171861937588
13.855689942051166
13.971208022095066
14.08672610218916
14.202244182302739
14.317762262346639
14.433280342440733
14.548798422554311
14.664316502598211
14.779834582692306
14.895352662805884
15.010829902412368
15.126307142040778
15.241784381669188
15.357261621297598
15.472738860926007
15.588216100554417
15.703693340182827
15.819170579811237
15.934647819439647
16.05012505906806
16.16560229869647
16.28107953832488
16.396556777953293
16.512034017581705
16.627511257210116
16.74299097560389
16.85847069412585
16.973950412483823
17.089430130815774
17.204909849171727
17.320389567529702
17.435869285861653
17.551349004217606
17.66682872257558
17.78230844090753
17.897788159263484
18.01326787762146
18.12874759595341
18.244227314309363
18.359707032667338
18.475232165387467
18.590757298175937
18.706282431013065
18.821807563850193
18.93733269668732
19.05285782952445
19.168382962361576
19.283908095198704
19.399433228035832
19.51495836087296
19.630483493710088
19.746008626547216
19.861533759384344
19.97705889222147
20.0925840250586
20.208044388338415
20.323504751797795
20.438965115308303
20.554425478697752
20.66988584220826
20.78534620559771
20.900806569108216
21.016266932497665
21.131727296008172
21.24718765939762
21.36264802290813
21.478108386297578
21.593568749808085
21.709029113197534
21.82448947670804
21.939932514963335
22.055375553257797
22.17081859145816
22.286261629834925
22.40170466821169
22.517147706588453
22.632590744965217
22.74803378334198
22.863476821718745
22.97891986009551
23.094362898472273
23.209805936849037
23.3252489752258
23.440692013602565
23.55613505197933
23.67152550641508
23.786915960864583
23.902306415377367
24.017696869890152
24.133087324402936
24.24847777891572
24.363868233428505
24.47925868794129
24.594649142454074
24.71003959696686
24.825430051479643
24.940820505992427
25.05621096050521
25.171601415017996
25.28699186953078
25.402449618776398
25.517907367940293
25.633365117270195
25.748822866600097
25.86428061593
25.9797383652599
26.095196114589804
26.210653863919706
26.32611161324961
26.44156936257951
26.557027111909413
26.672484861239315
26.787942610569218
26.90340035989912
27.018858109229022
27.134405667545987
27.24995322589147
27.36550078426668
27.481048342641888
27.596595901017096
27.712143459392305
27.827691017767513
27.943238576142722
28.05878613451793
28.17433369289314
28.289881251268348
28.405428809643556
28.520976368018765
28.636523926393973
28.752071484769182
28.867548449645668
28.98302541460731
29.098502379518276
29.21397934442924
29.329456309340205
29.44493327425117
29.560410239162135
29.6758872040731
29.791364168984064
29.90684113389503
30.022318098805993
30.137795063716958
30.253272028627922
30.368748993538887
30.48422595844985
30.599703606948783
30.715181255492414
30.830658904125933
30.946136552776586
31.06161420142724
31.177091850077893
31.292569498728547
31.4080471473792
31.523524796029854
31.639002444680507
31.75448009333116
31.869957741981814
31.985435390632468
32.10091303928312
32.216390687933774
32.331781630005985
32.447172572031505
32.562563514129714
32.67795445622792
32.79334539832613
32.90873634042434
33.02412728252255
33.13951822462076
33.25490916671897
33.370300108817176
33.485691050915385
33.601081993013594
33.7164729351118
33.83186387721001
33.94725481930822
34.06267075127586
34.17808668321817
34.29350261516048
34.408918547102786
34.524334479045095
34.6397504109874
34.75516634292971
34.87058227487202
34.98599820681433
35.10141413875664
35.21683007069895
35.332246002641256
35.447661934583564
35.56307786652587
35.67849379846818
35.79403080520232
35.90956781213167
36.02510481910898
36.14064182601248
36.25617883298979
36.371715839893284
36.4872528468706
36.60278985377409
36.718326860751404
36.8338638676549
36.94940087463221
37.064937881535705
37.18047488851302
37.29601189541651
37.411548902393825
37.52688022117991
37.642211539878055
37.75754285869278
37.872874177332015
37.98820549614674
38.103536814785976
38.2188681336007
38.334199452239936
38.44953077105466
38.5648620896939
38.68019340850862
38.79552472714786
38.91085604596258
39.02618736460182
39.14151868341654
39.14292359975231
39.14432851622084
39.14573343272156
39.147138349126465
39.148543265531366
39.14994818193627
39.15135309834117
39.15275801474607
39.15416293115097
39.15556784755587
39.15697276396077
39.158377680365675
39.159782596770576
39.16118751317548
39.16259242958038
39.16399766623458
39.16540290316545
39.16680813992443
39.168213376683404
39.16961861344238
39.17102385020136
39.172429086960335
39.17383432371931
39.17523956047829
39.176644797237266
39.17805003399624
39.17945527075522
39.1808605075142
39.182265744273174
39.18367098103215
39.18507520511749
39.18647942931582
39.187883653412065
39.18928787750831
39.19069210160456
39.19209632570081
39.19350054979706
39.194904773893306
39.196308997989554
39.1977132220858
39.19911744618205
39.2005216702783
39.20192589437455
39.203330118470795
39.20473434256704
39.20613803463698
39.20754172693758
39.208945419276816
39.210349111616054
39.21175280395529
39.21315649629453
39.21456018863377
39.21596388097301
39.217367573312245
39.21877126565148
39.22017495799072
39.22157865032996
39.2229823426692
39.224386035008436
39.22578610625604
39.22718645617916
39.22858680628421
39.2299871564384
39.23138750648342
39.23278785652845
39.23418820657347
39.235588556618495
39.23698890666352
39.238389256708544
39.23978960675357
39.24118995679859
39.24259030684362
39.24399065688864
39.245391006933666
39.24679135697869
39.248191244204115
39.24959113148271
39.25099101858214
39.25239090565356
39.253790792724985
39.25519067979641
39.25659056686783
39.25799045393925
39.25939034101067
39.260790228082094
39.262190115153516
39.26359000222494
39.26498988929636
39.26638977636778
39.2677896634392
39.26919046799985
39.27059127269852
39.27199207730111
39.27339288208111
39.274793686861116
39.27619449164112
39.277595296421126
39.27899610120113
39.280396905981135
39.28179771076114
39.283198515541145
39.28459932032115
39.286000125101154
39.28740092988116
39.28880173466116
39.29019828245048
39.291594830141754
39.292991377877506
39.29438792563598
39.29578447333367
39.29718102091966
39.298577568678134
39.29997411637582
39.30137066396181
39.30276721172029
39.304163759417975
39.305560307003965
39.30695685476244
39.30835340246013
39.30974995004612
39.31114740465376
39.31254485904826
39.31394231354759
39.31533976813268
39.31673722271777
39.31813467730286
39.31953213188795
39.320929586473035
39.322327041058124
39.32372449564321
39.3251219502283
39.32651940481339
39.32791685939848
39.329314313983566
39.330711768568655
39.33210536204451
39.333498955849635
39.334892549522735
39.336286143195835
39.337679736868935
39.339073330542035
39.340466924215136
39.341860517888236
39.343254111561336
39.344647705234436
39.34604129890754
39.34743489258064
39.34882848625374
39.35022207992684
39.35161567359994
39.35301110721525
39.354406540979234
39.3558019748648
39.35719740875036
39.35859284263592
39.359988276521484
39.36138371040705
39.36277914429261
39.36417457817817
39.365570012063735
39.3669654459493
39.36836087983486
39.36975631372042
39.371151747605985
39.37254718149155
39.373942574990416
39.375337968735955
39.3767333621021
39.37812875552889
39.37952414895568
39.38091954238247
39.38231493580926
39.38371032923605
39.38510572266284
39.38650111608963
39.38789650951642
39.389291902943214
39.390687296370004
39.392082689796794
39.393478083223584
39.394870964791345
39.39626384633175
39.39765672790706
39.399049609482375
39.40044249105769
39.401835372633
39.403228254208315
39.40462113578363
39.40601401735894
39.407406898934255
39.40879978050957
39.41019266208488
39.411585543660195
39.41297842523551
39.41437130681082
39.41576443265644
39.41715755842501
39.418550683984165
39.41994380954332
39.421336935102474
39.42273006066163
39.42412318622078
39.42551631177994
39.42690943733909
39.428302562898246
39.4296956884574
39.431088814016555
39.43248193957571
39.43387506513486
39.43526819069402
39.43666145645466
39.43805472221748
39.439447988017214
39.44084125381695
39.44223451961668
39.44362778541642
39.44502105121615
39.446414317015886
39.44780758281562
39.449200848615355
39.45059411441509
39.451987380214824
39.45338064601456
39.45477391181429
39.45616717761403
39.45756108989194
39.458955002137536
39.46034891430073
39.46174282649069
39.46313673867303
39.46453065076975
39.46592456286969
39.46731847498763
39.468712387108944
39.47010629929128
39.471500211388005
39.47289412348794
39.47428803560588
39.475681947727196
39.47707585990953
39.478470010312606
39.47986416077384
39.48125831118983
39.482652461737686
39.48404661228554
39.48544076283339
39.486834913381244
39.4882290639291
39.48962321447695
39.4910173650248
39.492411515572655
39.49380566612051
39.49519981666836
39.496593967216214
39.497988117764066
39.49938205810441
39.50077599827875
39.50216993824521
39.50356387840403
39.504957818577076
39.50635175854354
39.50774569870236
39.5091396388754
39.510533578841866
39.511927519000686
39.51332145917373
39.514715399140194
39.516109339299014
39.51750327947206
39.51889721943852
39.52029084164703
39.52168446395524
39.52307808613903
39.52447170828928
39.52586533043954
39.52725895258979
39.52865257474004
39.5300461968903
39.53143981904055
39.5328334411908
39.534227063341056
39.53562068549131
39.53701430764156
39.538407929791816
39.53980155194207
39.54119808796965
39.54259462437833
39.543991160459086
39.545387696505536
39.546784232551985
39.548180768598435
39.549577304644885
39.550973840691334
39.552370376737784
39.55376691278423
39.55516344883068
39.55655998487713
39.55795652092358
39.55935305697003
39.56074959301648
39.562143660677926
39.56353772813596
39.56493179555316
39.56632586297035
39.56771993038755
39.56911399780474
39.57050806522194
39.57190213263913
39.573296200056326
39.57469026747352
39.576084334890716
39.57747840230791
39.578872469725106
39.5802665371423
39.581660604559495
39.583053503029085
39.58444640140129
39.58583929981174
39.587232198023045
39.58862509623435
39.59001799444566
39.59141089265697
39.592803790868274
39.59419668907958
39.59558958729089
39.596982485502195
39.5983753837135
39.59976828192481
39.60116118013612
39.602554078347424
39.603950483429095
39.60534688838831
39.606743293557344
39.608139698726376
39.60953610389541
39.61093250906444
39.61232891423347
39.613725319402505
39.61512172457154
39.61651812974057
39.6179145349096
39.619310940078634
39.620707345247666
39.6221037504167
39.62350015558573
39.62489440629883
39.626288657175024
39.627682907814105
39.62907715837789
39.63047140894167
39.63186565950546
39.63325991006924
39.634654160633026
39.63604841119681
39.637442661760595
39.63883691232438
39.64023116288816
39.64162541345195
39.64301966401573
39.644413914579516
39.645809647575376
39.64720538053031
39.648601113383336
39.64999684623636
39.65139257908939
39.652788311942416
39.65418404479544
39.65557977764847
39.656975510501496
39.65837124335452
39.65976697620755
39.66116270906058
39.6625584419136
39.66395417476663
39.66534990761966
39.66674399140196
39.668138075121206
39.669532158798916
39.670926242476625
39.672320326154335
39.673714409832044
39.675108493509754
39.67650257718746
39.67789666086517
39.67929074454288
39.68068482822059
39.6820789118983
39.68347299557601
39.68486707925372
39.68626116293143
39.687654879040174
39.689048595138445
39.690442311221936
39.69183602730543
39.69322974338892
39.69462345947241
39.6960171755559
39.69741089163939
39.698804607722884
39.700198323806376
39.70159203988987
39.70298575597336
39.70437947205685
39.70577318814034
39.70716690422383
39.70856206626134
39.709957228176854
39.71135239008473
39.71274755209981
39.7141427141149
39.715537876129986
39.71693303814507
39.71832820016016
39.719723362175245
39.72111852419033
39.72251368620542
39.7239088482205
39.72530401023559
39.726699172250676
39.72809433426576
39.72949048684609
39.73088663949196
39.73228279219016
39.73367894488836
39.73507509758656
39.73647125028476
39.73786740298296
39.739263555681156
39.740659708379354
39.74205586107755
39.74345201377575
39.74484816647395
39.74624431917215
39.74764047187035
39.74903662456855
39.7504323560996
39.75182808802845
39.7532238198561
39.754619551652794
39.756015283449486
39.75741101524618
39.75880674704287
39.76020247883956
39.76159821063625
39.76299394243294
39.76438967422963
39.765785406026325
39.767181137823016
39.76857686961971
39.7699726014164
