0.0013910153810318606
0.0027820306178707906
0.0013910153810318606
0.0027820306178707906
0.00417304582432891
0.005564061097653337
0.006955076259809108
0.008346091408391867
0.009737106681716293
0.011128121843872064
0.012519136992454823
0.01391015226577925
0.015301167427935022
0.01669218257651778
0.01808319784984221
0.01947421301199798
0.02086522816058074
0.022256798433895122
0.023648368838925352
0.025039939165988744
0.02643150957076378
0.027823079975538813
0.029214650380313848
0.030606220785088883
0.031997791189863914
0.03338936159463895
0.03478093199941398
0.03617250240418902
0.03756407280896405
0.03895564321373909
0.04034721361851412
0.041738784023289156
0.043131759243334886
0.04452473469004785
0.04591771011088771
0.047310685523858996
0.04870366098479045
0.050096636462767796
0.05148961187573908
0.05288258733667054
0.05427556281464788
0.05566853822761917
0.05706151368855063
0.05845448916652797
0.05984746457949926
0.061240440040430714
0.06263341551840805
0.06402690980886078
0.06542040421236356
0.06681389872363139
0.06820739298331964
0.06960088724300789
0.07099438150269614
0.0723878757623844
0.07378137002207265
0.0751748642817609
0.07656835854144915
0.0779618528011374
0.07935534706082566
0.08074884132051391
0.08214233558020216
0.08353582983989041
0.08493128510770485
0.08632674029462589
0.08772219561538697
0.08911765096699177
0.09051310631859658
0.09190856167020138
0.09330401702180618
0.09469947237341099
0.0960949277250158
0.0974903830766206
0.0988858384282254
0.10028129377983021
0.10167674913143501
0.10307220448303982
0.10446765983464462
0.10586288567953683
0.10725811165829782
0.10865333769734713
0.11004856367635647
0.11144378965536582
0.11283901563437516
0.11423424161338451
0.11562946759239386
0.1170246935714032
0.11841991955041255
0.1198151455294219
0.12121037150843124
0.12260559748744058
0.12400082346644993
0.1253960494454593
0.1267898593120154
0.12818366892777644
0.12957747851445997
0.13097128820955922
0.13236509790465847
0.13375890759975773
0.13515271729485698
0.13654652698995623
0.13794033668505548
0.13933414638015473
0.14072795607525398
0.14212176577035324
0.1435155754654525
0.14490938516055174
0.146303194855651
0.14769832532734084
0.14909345572209096
0.15048858598942216
0.15188371615576107
0.15327884632209998
0.1546739764884389
0.1560691066547778
0.1574642368211167
0.15885936698745562
0.16025449715379453
0.16164962732013344
0.16304475748647235
0.16443988765281126
0.16583501781915017
0.16723014798548907
0.16862385015074205
0.1700175523195119
0.17141125464501952
0.1728049571142396
0.17419865958345968
0.17559236205267975
0.17698606452189983
0.1783797669911199
0.17977346946033998
0.18116717192956006
0.18256087439878013
0.1839545768680002
0.18534827933722028
0.18674198180644036
0.18813568427566044
0.189530304856412
0.19092492549596804
0.19231954599333795
0.19371416649070786
0.19510878698807776
0.19650340748544767
0.19789802798281758
0.1992926484801875
0.2006872689775574
0.2020818894749273
0.20347650997229721
0.20487113046966712
0.20626575096703703
0.20766037146440694
0.20905499196177685
0.21044806451229273
0.21184113691540507
0.21323420946497154
0.21462728205242756
0.2160203546398836
0.2174134272273396
0.21880649981479564
0.22019957240225166
0.22159264498970768
0.2229857175771637
0.22437879016461973
0.22577186275207575
0.22716493533953178
0.2285580079269878
0.22995108051444382
0.23134602524152714
0.2327409697759478
0.23413591435880848
0.23553085879009109
0.2369258032213737
0.2383207476526563
0.2397156920839389
0.2411106365152215
0.2425055809465041
0.2439005253777867
0.2452954698090693
0.2466904142403519
0.2480853586716345
0.2494803031029171
0.2508752475341997
0.25226859718089994
0.2536619467646418
0.2550552964562937
0.2564486460549799
0.2578419956536661
0.2592353452523523
0.2606286948510385
0.2620220444497247
0.2634153940484109
0.2648087436470971
0.2662020932457833
0.2675954428444695
0.2689887924431557
0.2703821420418419
0.2717754916405281
0.27317067531325445
0.27456585897466723
0.27596104271283367
0.2773562265590186
0.2787514104052035
0.28014659425138844
0.28154177809757336
0.2829369619437583
0.2843321457899432
0.2857273296361281
0.28712251348231305
0.28851769732849797
0.2899128811746829
0.2913080650208678
0.29270324886705273
0.29409994201265055
0.29549663513395585
0.2968933281382759
0.2982900213759311
0.29968671461358626
0.30108340785124144
0.3024801010888966
0.3038767943265518
0.30527348756420697
0.30667018080186215
0.3080668740395173
0.3094635672771725
0.3108602605148277
0.31225695375248286
0.31365364699013804
0.31504922627456855
0.3164448057890443
0.31784038525844777
0.3192359647278512
0.32063154419725465
0.3220271236666581
0.32342270313606153
0.32481828260546497
0.3262138620748684
0.32760944154427185
0.3290050210136753
0.33040060048307873
0.3317961799524822
0.3331917594218856
0.33458733889128905
0.33598422334949135
0.337381107809776
0.33877799208544457
0.34017487658561757
0.34157176108579057
0.34296864558596357
0.3443655300861366
0.3457624145863096
0.3471592990864826
0.3485561835866556
0.3499530680868286
0.3513499525870016
0.3527468370871746
0.3541437215873476
0.3555406060875206
0.3569372208577104
0.3583338357393021
0.35973045075370624
0.36112706564681185
0.36252368053991746
0.36392029543302307
0.3653169103261287
0.3667135252192343
0.3681101401123399
0.3695067550054455
0.3709033698985511
0.3722999847916567
0.3736965996847623
0.37509321457786793
0.37648982947097354
0.3778868020823831
0.3792837745422971
0.38068074712200406
0.3820777197514868
0.38347469238096954
0.3848716650104523
0.386268637639935
0.38766561026941776
0.3890625828989005
0.39045955552838324
0.391856528157866
0.3932535007873487
0.39465047341683146
0.3960474460463142
0.39744441867579694
0.39884061396541914
0.40023680930268485
0.40163300471881475
0.40302919997719794
0.40442539523558113
0.4058215904939643
0.4072177857523475
0.4086139810107307
0.4100101762691139
0.4114063715274971
0.4128025667858803
0.4141987620442635
0.4155949573026467
0.41699115256102987
0.41838734781941306
0.4197845981323726
0.42118184840202244
0.42257909858193127
0.42397634873628615
0.425373598890641
0.4267708490449959
0.4281680991993508
0.42956534935370566
0.43096259950806054
0.4323598496624154
0.4337570998167703
0.4351543499711252
0.43655160012548005
0.43794885027983493
0.4393461004341898
0.4407438801741227
0.44214165981186826
0.4435394395661087
0.44493721932034913
0.44633499907458957
0.44773277882883
0.44913055858307044
0.4505283383373109
0.4519261180915513
0.45332389784579175
0.4547216776000322
0.4561194573542726
0.45751723710851305
0.4589150168627535
0.4603127966169939
0.46170991418940766
0.4631070319152911
0.46450414979988386
0.46590126757618855
0.46729838535249324
0.46869550312879793
0.4700926209051026
0.4714897386814073
0.472886856457712
0.4742839742340167
0.4756810920103214
0.4770782097866261
0.47847532756293076
0.47987244533923545
0.48126956311554014
0.48266472479627653
0.4840598863540475
0.48545504796564687
0.4868502093788457
0.48824537079204455
0.4896405322052434
0.49103569361844224
0.4924308550316411
0.4938260164448399
0.49522117785803876
0.4966163392712376
0.49801150068443645
0.4994066620976353
0.5008018235108341
0.502196984924033
0.5035937885832847
0.504990592141747
0.5063873959423115
0.5077841995425754
0.5091810031428392
0.510577806743103
0.5119746103433669
0.5133714139436307
0.5147682175438946
0.5161650211441584
0.5175618247444222
0.5189586283446861
0.5203554319449499
0.5217522355452138
0.5231490391454776
0.5245483071600284
0.5259475750365551
0.5273468429938876
0.528746111206463
0.5301453794190384
0.5315446476316138
0.5329439158441892
0.5343431840567646
0.53574245226934
0.5371417204819154
0.5385409886944909
0.5399402569070663
0.5413395251196417
0.5427387933322171
0.5441380615447925
0.5455431187848996
0.546948175990706
0.5483532333084388
0.5497582905859438
0.5511633478634489
0.552568405140954
0.553973462418459
0.5553785196959641
0.5567835769734691
0.5581886342509742
0.5595936915284793
0.5609987488059843
0.5624038060834894
0.5638088633609944
0.5652139206384995
0.5666170932778118
0.5680202659013359
0.5694234385166402
0.5708266111319446
0.5722297837472489
0.5736329563625532
0.5750361289778575
0.5764393015931618
0.5778424742084661
0.5792456468237704
0.5806488194390748
0.5820519920543791
0.5834551646696834
0.5848583372849877
0.586261509900292
0.5876639378351901
0.5890663655888848
0.5904687931204609
0.5918712206520369
0.593273648183613
0.594676075715189
0.596078503246765
0.5974809307783411
0.5988833583099171
0.6002857858414932
0.6016882133730692
0.6030906409046453
0.6044930684362213
0.6058954959677973
0.6072979234993734
0.6087022953443663
0.6101066671386841
0.6115110391351963
0.6129154109971496
0.6143197828591029
0.6157241547210562
0.6171285265830095
0.6185328984449628
0.6199372703069161
0.6213416421688694
0.6227460140308227
0.624150385892776
0.6255547577547294
0.6269591296166827
0.628363501478636
0.629767830700643
0.6311721597369461
0.6325764890384348
0.6339808183399235
0.6353851476414122
0.6367894769429009
0.6381938062443896
0.6395981355458783
0.641002464847367
0.6424067941488557
0.6438111234503444
0.6452154527518331
0.6466197820533218
0.6480241113548105
0.6494284406562992
0.6508321029437756
0.6522357652812982
0.653639427571651
0.6550430898620039
0.6564467521523567
0.6578504144427095
0.6592540767330624
0.6606577390234152
0.662061401313768
0.6634650636041208
0.6648687258944737
0.6662723881848265
0.6676760504751793
0.6690797127655321
0.670483375055885
0.6718874191453464
0.6732914633154861
0.6746955074664508
0.6760995516381533
0.6775035958098558
0.6789076399815582
0.6803116841532607
0.6817157283249632
0.6831197724966657
0.6845238166683681
0.6859278608400706
0.6873319050117731
0.6887359491834756
0.6901399933551781
0.6915440375268805
0.6929488383422459
0.6943536391224334
0.6957584401377297
0.6971632413568821
0.6985680425760346
0.699972843795187
0.7013776450143394
0.7027824462334918
0.7041872474526443
0.7055920486717967
0.7069968498909491
0.7084016511101016
0.709806452329254
0.7112112535484064
0.7126160547675588
0.7140198301612676
0.7154236056267015
0.716827381142162
0.7182311565482198
0.7196349319473816
0.7210387073077531
0.7224424827138108
0.7238462581129727
0.7252500334733442
0.7266538088794019
0.7280575842785637
0.7294613596389352
0.730865135044993
0.7322689104441548
0.7336726858045263
0.7350762070263533
0.7364797284210237
0.7378832496492892
0.7392867710133506
0.740690292377412
0.7420938137414734
0.7434973351055348
0.7449008564695963
0.7463043778336577
0.7477078991977191
0.7491114205617805
0.7505149419258419
0.7519184632899033
0.7533219846539647
0.7547255060180261
0.7561291826466261
0.7575328591729524
0.7589365356810124
0.7603402121890723
0.7617438886971323
0.7631475652051922
0.7645512417132522
0.7659549182213121
0.7673585947293721
0.768762271237432
0.770165947745492
0.7715696242535519
0.7729733007616119
0.7743769772696718
0.7757806537777318
0.7771861584127097
0.7785916628468
0.779997167333198
0.7814026718465594
0.7828081763599208
0.7842136808732822
0.7856191853866437
0.7870246899000051
0.7884301944133665
0.7898356989267279
0.7912412034400893
0.7926467079534507
0.7940522124668121
0.7954577169801735
0.796863221493535
0.7982689806155115
0.799674739600719
0.8010804988036926
0.8024862579167007
0.8038920170297088
0.8052977761427169
0.806703535255725
0.8081092943687331
0.8095150534817412
0.8109208125947494
0.8123265717077575
0.8137323308207656
0.8151380899337737
0.8165438490467818
0.8179496081597899
0.8193517536272685
0.8207538992317666
0.8221560449257798
0.8235581907638116
0.8249603366018435
0.8263624824398754
0.8277646282779073
0.8291667741159392
0.8305689199539711
0.831971065792003
0.8333732116300349
0.8347753574680667
0.8361775033060986
0.8375796491441305
0.8389817949821624
0.8403863410185168
0.8417908869780387
0.8431954327337515
0.8445999785802649
0.8460045244267783
0.8474090702732917
0.8488136161198051
0.8502181619663185
0.8516227078128319
0.8530272536593453
0.8544317995058587
0.8558363453523721
0.8572408911988855
0.8586454370453989
0.8600499828919123
0.8614536975892787
0.8628574120669161
0.8642611266910883
0.8656648413152606
0.8670685559394328
0.868472270563605
0.8698759851877772
0.8712796998119494
0.8726834144361216
0.8740871290602938
0.8754908436844661
0.8768945583086383
0.8782982729328105
0.8797019875569827
0.8811057021811549
0.8825085768697096
0.8839114514609514
0.8853143261491484
0.886717201067465
0.8881200759857816
0.8895229509040982
0.8909258258224148
0.8923287007407313
0.8937315756590479
0.8951344505773645
0.8965373254956811
0.8979402004139977
0.8993430753323143
0.9007459502506309
0.9021488251689475
0.9035508832624101
0.9049529412900018
0.9063549994579204
0.9077570575351933
0.909159115627667
0.9105611737201408
0.9119632318126145
0.9133652899050883
0.914767347997562
0.9161694060900357
0.9175714641825095
0.9189735222749832
0.9203755803674569
0.9217776384599307
1.0305290223031718
1.131151023421201
1.231773024517395
1.3323950257936028
1.4330170270698106
1.5336390283460184
1.6342610296222262
1.734883030898434
1.8355050321746418
1.9361270334508496
2.036749034727057
2.1373710360032647
2.2379930372794723
2.33861503855568
2.4392370398318874
2.539859041108095
2.648583916284224
2.757308791420482
2.866033666561608
2.974758541702734
3.0834834168438596
3.1922082919849855
3.3009331671261113
3.409658042267237
3.518382917408363
3.627107792549489
3.7358326676906146
3.8445575428317404
3.9532824179728663
4.062007293113992
4.170732168255118
4.279607431604528
4.388482694879971
4.497357958242123
4.606233221514458
4.715108484786793
4.823983748059128
4.9328590113314625
5.041734274603797
5.150609537876132
5.259484801148467
5.368360064420802
5.477235327693137
5.586110590965472
5.694985854237807
5.8038611175101416
5.912837900574283
6.021814683591467
6.130791466582042
6.239768249657482
6.348745032648057
6.457721815723497
6.566698598714072
6.675675381789512
6.784652164780087
6.893628947855527
7.002605730846102
7.111582513921542
7.220559296912117
7.329536079987557
7.438512862978132
7.547163828943356
7.65581479504381
7.764465761253388
7.873116727462966
7.981767693672544
8.090418659882122
8.1990696260917
8.30772059230128
8.416371558510859
8.525022524720438
8.633673490930017
8.742324457139595
8.850975423349174
8.959626389558753
9.068277355768332
9.169663047520398
9.27104873937231
9.372434431195247
9.473820122772917
9.575205814595854
9.676591506173525
9.777977197996462
9.879362889574132
9.98074858139707
10.08213427297474
10.183519964797677
10.284905656375347
10.386291348198284
10.487677039775955
10.589062731598892
10.690009630327124
10.790956529077437
10.891903427814652
10.992850326551867
11.093797225289082
11.194744124026297
11.295691022763512
11.396637921500727
11.497584820237941
11.598531718975156
11.699478617712371
11.800425516449586
11.9013724151868
12.002319313924016
12.10326621266123
12.204395669171769
12.305525125741617
12.406654582187256
12.507784038700194
12.608913495228137
12.710042951874268
12.811172408387208
12.91230186491515
13.013431321561281
13.114560778074221
13.215690234602164
13.316819691248295
13.417949147761234
13.519078604289177
13.620208060935308
13.721718805901226
13.823229550688465
13.924740295404517
14.026251040120568
14.12776178483662
14.229272529552672
14.330783274268724
14.432294018984775
14.533804763700827
14.635315508416879
14.73682625313293
14.838336997848982
14.939847742565034
15.041358487281085
15.142869231997137
15.244446921259835
15.346024610389218
15.44760229973494
15.549179989150119
15.65075767851098
15.752335367856702
15.85391305727188
15.95549074663274
16.057068435978465
16.158646125393645
16.260223814754507
16.36180150410023
16.46337919351541
16.564956882876274
16.666534572221998
16.767872155284675
16.869209738511444
16.97054732156576
17.071884904620077
17.173222487674394
17.27456007072871
17.375897653783028
17.477235236837345
17.57857281989166
17.67991040294598
17.781247986000295
17.882585569054612
17.98392315210893
18.085260735163246
18.186598318217563
18.29529621764299
18.403994117169997
18.512692016784964
18.621389916212177
18.730087815827144
18.838785715254357
18.947483614869324
19.056181514296537
19.164879413911503
19.273577313338716
19.382275212953683
19.490973112380896
19.599671011995863
19.708368911423076
19.817066811038043
19.92578213007934
20.03449744929762
20.143212768335562
20.251928087466236
20.36064340659691
20.469358725727584
20.57807404485826
20.686789363988932
20.795504683119606
20.90422000225028
21.012935321380954
21.12165064051163
21.230365959642302
21.339081278772976
21.44779659790365
21.55643131610253
21.66506603429072
21.773700752470667
21.882335470650613
21.99097018883056
22.099604907010505
22.20823962519045
22.316874343370397
22.425509061550343
22.53414377973029
22.642778497910236
22.75141321609018
22.860047934270128
22.968682652450074
23.07731737063002
23.186074237170285
23.294831103652818
23.40358797002615
23.512344836399485
23.62110170277282
23.729858569146153
23.838615435519486
23.94737230189282
24.056129168266153
24.164886034639487
24.27364290101282
24.382399767386154
24.491156633759488
24.59991350013282
24.708670366506155
24.809612763004953
24.910555159703325
25.01149755645313
25.112439953202934
25.213382349952738
25.314324746702543
25.415267143452347
25.51620954020215
25.617151936951956
25.71809433370176
25.819036730451565
25.91997912720137
26.020921523951174
26.121863920700978
26.222806317450782
26.324309646890693
26.425812976285506
26.527316305686455
26.628819635087403
26.73032296448835
26.8318262938893
26.93332962329025
27.034832952691197
27.136336282092145
27.237839611493094
27.339342940894042
27.44084627029499
27.54234959969594
27.643852929096887
27.745356258497836
27.846878041569866
27.948399824677097
28.049921607694223
28.151443390761287
28.25296517382835
28.354486956895414
28.456008739962478
28.55753052302954
28.659052306096605
28.76057408916367
28.862095872230732
28.963617655297796
29.06513943836486
29.166661221431923
29.268183004498987
29.37681901503563
29.485455025582805
29.594091036046635
29.702727046510464
29.811363056974294
29.919999067438123
30.028635077901953
30.137271088365782
30.245907098829612
30.35454310929344
30.46317911975727
30.5718151302211
30.68045114068493
30.78908715114876
30.89772316161259
31.006474821593642
31.11522648185142
31.223978142109196
31.332729802366973
31.44148146262475
31.550233122882528
31.658984783140305
31.767736443398082
31.87648810365586
31.985239763913636
32.09399142417141
32.202743084429194
32.311494744686975
32.420246404944756
32.528998065202536
32.629553990164304
32.73010991522145
32.83066584029
32.93122176554353
33.03177769061209
33.13233361586562
33.232889540934174
33.333445466187705
33.43400139125626
33.53455731650979
33.635113241578345
33.735669166831876
33.83622509190043
33.93678101715396
34.03733694222252
34.14630804654852
34.25527915105187
34.36425025532732
34.4732213596596
34.582192463935044
34.69116356826732
34.80013467254277
34.909105776875045
35.01807688115049
35.12704798548277
35.236019089758216
35.34499019409049
35.45396129836594
35.562932402698216
35.67190350697366
35.67330357884258
35.674703650996285
35.6761037227692
35.677503794930935
35.67890386709267
35.68030393925441
35.681704011416144
35.68310408357788
35.68450415573962
35.685904227901354
35.68730430006309
35.68870437222483
35.69010444438656
35.6915045165483
35.692904588710036
35.69430506188387
35.6957055351835
35.6971060086653
35.6985064821471
35.699906955628904
35.701307429110706
35.70270790259251
35.70410837607431
35.70550884955611
35.70690932303791
35.708309796519714
35.709710270001516
35.71111074348332
35.71251121696512
35.71391169044692
35.715310895687246
35.71671010073399
35.71810930578009
35.71950851082619
35.720907715872286
35.722306920918385
35.72370612596448
35.72510533101058
35.72650453605668
35.72790374110278
35.72930294614888
35.730702151194976
35.732101356241074
35.73350056128717
35.73489976633327
35.73629830516241
35.7376968440348
35.73909538323102
35.740493922427234
35.74189246162345
35.74329100081967
35.744689540015884
35.7460880792121
35.74748661840832
35.74888515760453
35.75028369680075
35.75168223599697
35.75308077519318
35.7544793143894
35.755872984119534
35.75726700316815
35.75866102222718
35.760055041267755
35.76144906033681
35.76284307940586
35.764237098474915
35.76563111754397
35.76702513661302
35.768419155682075
35.76981317475113
35.77120719382018
35.772601212889235
35.77399523195829
35.77538925102734
35.776783270096395
35.77817670936552
35.77957014860294
35.780963587995664
35.78235702726138
35.78375046652709
35.7851439057928
35.78653734505851
35.787930784324224
35.78932422358994
35.79071766285565
35.79211110212136
35.79350454138707
35.794897980652784
35.7962914199185
35.79768485918421
35.799079447594956
35.800474035965024
35.80186862444385
35.80326321278294
35.804657801122026
35.806052389461115
35.807446977800204
35.80884156613929
35.81023615447838
35.81163074281747
35.81302533115656
35.81441991949565
35.81581450783474
35.817209096173826
35.818603684512915
35.81999295116623
35.8213822179891
35.822771484644086
35.82416075140561
35.82555001805729
35.826939284816476
35.828328551578
35.82971781822968
35.831107084988865
35.832496351750386
35.83388561840207
35.835274885161255
35.836664151922776
35.83805341857446
35.839442685333644
35.840833081458925
35.84222347773188
35.84361387399908
35.845004270142056
35.84639466628503
35.847785062428
35.849175458570976
35.85056585471395
35.85195625085692
35.853346646999896
35.85473704314287
35.85612743928584
35.857517835428816
35.85890823157179
35.86029862771476
35.86168423548504
35.863069843357756
35.86445545108537
35.86584105881298
35.867226666540596
35.86861227426821
35.86999788199582
35.871383489723435
35.87276909745105
35.87415470517866
35.875540312906274
35.87692592063389
35.8783115283615
35.87969713608911
35.88108274381673
35.88247063084856
35.883858518000906
35.88524640521359
35.88663429242628
35.888022179638966
35.88941006685165
35.89079795406434
35.892185841277026
35.89357372848971
35.8949616157024
35.896349502915086
35.89773739012777
35.89912527734046
35.900513164553146
35.90190105176583
35.90328888885715
35.90467672590246
35.90606456303141
35.907452400094364
35.90884023715732
35.91022807422028
35.911615911283235
35.91300374834619
35.91439158540915
35.915779422472106
35.91716725953506
35.91855509659802
35.91994293366098
35.921330770723934
35.92271860778689
35.924103339620295
35.9254880715644
35.926872803359174
35.928257535153946
35.92964226694872
35.93102699874349
35.93241173053826
35.933796462333035
35.93518119412781
35.93656592592258
35.93795065771735
35.939335389512124
35.940720121306896
35.94210485310167
35.94348958489644
35.94487461699749
35.94625964901914
35.947644681073314
35.94902971312749
35.95041474518166
35.951799777235834
35.95318480929001
35.95456984134418
35.955954873398355
35.95733990545253
35.9587249375067
35.960109969560875
35.96149500161505
35.96288003366922
35.964265065723396
35.96565027008681
35.96703547444456
35.968420678846215
35.96980588324787
35.97119108764953
35.97257629205119
35.973961496452844
35.9753467008545
35.97673190525616
35.978117109657816
35.979502314059474
35.98088751846113
35.98227272286279
35.983657927264446
35.9850431316661
35.98642913158624
35.987815131352065
35.98920113115525
35.99058713088374
35.99197313085504
35.993359130679764
35.994745130368486
35.99613113025322
35.99751713006378
35.998903130035075
36.0002891298598
36.001675129548524
36.003061129433256
36.004447129243815
36.00583312921511
36.00721942271763
36.00860571613622
36.00999200949881
36.01137830289385
36.012764596288896
36.01415088968394
36.01553718307898
36.01692347647403
36.01830976986907
36.019696063264114
36.02108235665916
36.0224686500542
36.023854943449244
36.02524123684429
36.02662753023933
36.028013564651886
36.029399598911304
36.03078563325838
36.03217166739335
36.03355770168214
36.03494373602922
36.03632977016419
36.03771580445298
36.03910183880006
36.040487872935024
36.04187390722382
36.043259941570895
36.04464597570586
36.046032009994654
36.04741804434173
36.04880368733399
36.05018933046176
36.05157497347527
36.05296061651786
36.05434625956045
36.055731902603036
36.057117545645625
36.05850318868821
36.0598888317308
36.06127447477339
36.06266011781598
36.06404576085857
36.06543140390116
36.06681704694375
36.068202689986336
36.069591942302694
36.070981194687946
36.07237044701346
36.07375969933898
36.075148951664495
36.07653820399001
36.07792745631553
36.079316708641045
36.08070596096656
36.08209521329208
36.083484465617595
36.08487371794311
36.08626297026863
36.087652222594144
36.08904147491966
36.09042766596944
36.09181385691368
36.093200047936215
36.09458623895875
36.09597242998128
36.09735862100381
36.09874481202635
36.10013100304888
36.10151719407141
36.102903385093946
36.10428957611648
36.10567576713901
36.107061958161545
36.10844814918408
36.10983434020661
36.11121909271381
36.11260384514321
36.113988597728614
36.11537335017325
36.11675810261789
36.11814285506252
36.11952760750716
36.120912359951795
36.12229711239643
36.12368186484107
36.125066617285704
36.12645136973034
36.127836122174976
36.12922087461961
36.13060562706425
36.13199471707711
36.1333838068515
36.134772896828586
36.136161986805675
36.13755107678276
36.13894016675985
36.14032925673694
36.14171834671403
36.14310743669112
36.144496526668206
36.145885616645295
36.14727470662238
36.14866379659947
36.15005288657656
36.15144197655365
36.15282839430341
36.154214812189366
36.15560122996408
36.15698764768299
36.1583740654019
36.15976048312081
36.161146900839725
36.16253331855864
36.16391973627755
36.16530615399646
36.16669257171537
36.168078989434285
36.1694654071532
36.17085182487211
36.17223824259102
36.17362650019571
36.17501475764503
36.17640301520232
36.177791272759606
36.179179530316894
36.18056778787418
36.18195604543147
36.18334430298876
36.184732560546045
36.18612081810333
36.18750907566062
36.18889733321791
36.1902855907752
36.191673848332485
36.19306210588977
36.194448317064804
36.19583452795246
36.197220738980995
36.198606950009534
36.19999316103807
36.20137937206661
36.20276558309515
36.20415179412369
36.20553800515223
36.20692421618077
36.208310427209305
36.209696638237844
36.21108284926638
36.21246906029492
36.21385527132346
36.215241029845494
36.216626788193096
36.218012546518885
36.219398304844674
36.22078406317046
36.22216982149625
36.22355557982204
36.22494133814783
36.22632709647362
36.22771285479941
36.229098613125196
36.230484371450984
36.23187012977677
36.23325588810256
36.23464164642835
36.23602919702531
36.23741674767435
36.23880429835665
36.24019184899104
36.24157939962543
36.24296695025982
36.24435450089421
36.2457420515286
36.24712960216299
36.24851715279738
36.249904703431774
36.251292254066165
36.252679804700556
36.254067355334946
36.25545490596934
36.256843683388524
36.25823246065177
36.25962123782966
36.26101001500756
36.26239879218545
36.263787569363345
36.26517634654124
36.26656512371913
36.26795390089703
36.26934267807492
36.270731455252815
36.27212023243071
36.2735090096086
36.2748977867865
36.27628656396439
36.27767481986379
36.279063075715804
36.28045133169283
36.28183958772038
36.28322784374792
36.28461609977547
36.286004355803016
36.28739261183056
36.28878086785811
36.290169123885654
36.2915573799132
36.29294563594075
36.29433389196829
36.29572214799584
36.297110404023385
