0.0
0.0
0.0
0.0
0.0
0.0
0.0
0.0
0.0
0.0
0.0
0.0
0.0
0.0
0.0
0.0
0.0
0.0
0.0
0.0
0.0
0.0
0.0
0.0
0.0
0.0
0.0
0.0
0.0
0.0
0.0
0.0
0.0
0.0
0.0
0.0
0.0
0.0
0.0
0.0
0.0
0.0
0.0
0.0
0.0
0.0
0.0
0.0
0.0
0.0
0.0
0.0
0.0
0.0
0.0
0.0
0.0
0.0
0.0
0.0
0.0
0.0
0.0
0.0
0.0
0.0
0.0
0.0
0.0
0.0
0.0
0.0
0.0
0.0
0.0
0.0
0.0
0.0
0.0
0.0
0.0
0.0
0.0
0.0
0.0
0.0
0.0
0.0
0.0
0.0
0.0
0.0
0.0
0.0
0.0
0.0
0.0
0.0
0.0
0.0
0.0
0.0
0.0
0.0
0.0
0.0
0.0
0.0
0.0
0.0
0.0
0.0
0.0
0.0
0.0
0.0
0.0
0.0
0.0
0.0
0.0
0.0
0.0
0.0
0.0
0.0
0.0
0.0
0.0
0.0
0.0
0.0
0.0
0.0
0.0
0.0
0.0
0.0
0.0
0.0
0.0
0.0
0.0
0.0
0.0
0.0
0.0
0.0
0.0
0.0
0.0
0.0
0.0
0.0
0.0
0.0
0.0
0.0
0.0
0.0
0.0
0.0
0.0
0.0
0.0
0.0
0.0
0.0
0.0
0.0
0.0
0.0
0.0
0.0
0.0
0.0
0.0
0.0
0.0
0.0
0.0
0.0
0.0
0.0
0.0
0.0
0.0
0.0
0.0
0.0
0.0
0.0
0.0
0.0
0.0
0.0
0.0
0.0
0.0
0.0
0.0
0.0
0.0
0.0
0.0
0.0
0.0
0.0
0.0
0.0
0.0
0.0
0.0
0.0
0.0
0.0
0.0
0.0
0.0
0.0
0.0
0.0
0.0
0.0
0.0
0.0
0.0
0.0
0.0
0.0
0.0
0.0
0.0
0.0
0.0
0.0
0.0
0.0
0.0
0.0
0.0
0.0
0.0
0.0
0.0
0.0
0.0
0.0
0.0
0.0
0.0
0.0
0.0
0.0
0.0
0.0
0.0
0.0
0.0
0.0
0.0
0.0
0.0
0.0
0.0
0.0
0.0
0.0
0.0
0.0
0.0
0.0
0.0
0.0
0.0
0.0
0.0
0.0
0.0
0.0
0.0
0.0
0.0
0.0
0.0
0.0
0.0
0.0
0.0
0.0
0.0
0.0
0.0
0.0
0.0
0.0
0.0
0.0
0.0
0.0
0.0
0.0
0.0
0.0
0.0
0.0
0.0
0.0
0.0
0.0
0.0
0.0
0.0
0.0
0.0
0.0
0.0
0.0
0.0
0.0
0.0
0.0
0.0
0.0
0.0
0.0
0.0
0.0
0.0
0.0
0.0
0.0
0.0
0.0
0.0
0.0
0.0
0.0
0.0
0.0
0.0
0.0
0.0
0.0
0.0
0.0
0.0
0.01666514128818213
0.07236881745032986
0.08553331045265607
0.09584143690653243
0.11710139953475955
0.1578823933188422
0.20045570682225525
0.22780860313465276
0.24529325401365212
0.2614231781260725
0.27848834992182436
0.29600827517827855
0.31299336460359223
0.3302482553483583
0.3462790298592838
0.3617549479464592
0.37590855355985203
0.3891984136063761
0.40261221065476865
0.4153767684856805
0.4275073408839568
0.43793997635663345
0.4490723792090912
0.45840197536513744
0.46845803302444416
0.4797839682721275
0.48991629485566107
0.49959386797849215
0.5078051710330626
0.5156017618121497
0.5264348091370171
0.5341360637608206
0.5429251039164092
0.5509848224840788
0.5590188002898219
0.5669707890020211
0.5751534912100064
0.5821807192159554
0.588741753422568
0.5964067803073637
0.6035274377454906
0.6094134919726957
0.6161699652976395
0.622812035236243
0.6291309156084353
0.6361876978225222
0.6420708919650688
0.6472771994051023
0.6527904892651489
0.6582465774320253
0.66428040269992
0.6690691377798115
0.6737644434275254
0.6793721160813025
0.684417305418907
0.6896512603439728
0.6950091522709072
0.6992659116043168
0.7045761354536093
0.7083114060176181
0.7123012241162339
0.7169011936086641
0.7214401479617129
0.7254385463143042
0.7283234183731838
0.7330206307440033
0.7367997559394425
0.7415884910193341
0.7449757846165579
0.7490113640697098
0.7528877321435381
0.7561491820157876
0.7586651031537199
0.7616958395301834
0.7650326049651068
0.7688536780688708
0.7727939213667391
0.7762927582656446
0.7795151203142279
0.7829167143347442
0.7860837814132631
0.7889705601952484
0.7918392251077299
0.7938889524463257
0.7971132212180146
0.8003594173054189
0.8034797696678487
0.8061062807459101
0.8092752545475346
0.8114822865423482
0.8127035426915303
0.8161346909201844
0.8198041795370475
0.8218033787133432
0.8240361514700835
0.8260782519162567
0.8287123898867407
0.8314599778820119
0.8327679899325019
0.8341598977996415
0.8361629104221484
0.8403424474697784
0.8429231971933036
0.8449319299851275
0.8474745452465392
0.850017160507951
0.8515768600083895
0.8533577393890859
0.855648667200549
0.8573999923731076
0.8575706440910651
0.8586002745681272
0.8603296724249704
0.8619856614422453
0.8644443808870075
0.8664922015024977
0.8683445829996567
0.8696535484116996
0.8711569995805208
0.873141898333524
0.8746091217633375
0.8764881973839759
0.8782967242497044
0.8803779125195439
0.8823284902566448
0.8836326888609236
0.8850817984212332
0.8867997559394424
0.8880610532738435
0.8898590931624909
0.8923025588224077
0.8944838500552948
0.896585058917744
0.8977615070739426
0.8991925027647485
0.9004518933760438
0.9020754681005224
0.9039688441444533
0.9057497235251496
0.906337947603249
0.9071749990466383
0.9092094726003889
0.9098997063646417
0.9113583495404797
0.9128541738168782
0.9140239484422072
0.9162471875834192
0.9172320100674979
0.918736414597872
0.9187669221675627
0.9203361552835297
0.9206955725889485
0.9216146131258819
0.923268695420051
0.9232887160126606
0.9242029897418296
0.9265053578919269
0.927644624947565
0.9278047896884414
0.9284587957136864
0.927894405674408
0.9289421500209739
0.9307030088090607
0.9326631201616901
0.9334305762117225
0.9338786561415551
0.9334753842047057
0.933612668268314
0.9338109674713038
0.9343410364946801
0.935354459825344
0.9378227128856347
0.9390363421423941
0.9389343324562406
0.9391478854440758
0.9402213705525683
0.9416866872592762
0.9427496853906875
0.9430986157190252
0.9447364908667962
0.9451159287648248
0.9456002364336651
0.946237081950959
0.946491629485566
0.9467023223887426
0.9479083247530793
0.9503336765434922
0.951909583190329
0.9535331579148075
0.9541909773862639
0.9548487968577202
0.9542386454639056
0.9555542844068183
0.9576802806696411
0.9598253441635205
0.9601971551691262
0.9608740418716394
0.9614651260343973
0.962189680814552
0.962618693513328
0.9630953742897456
0.9637722609922585
0.9644682149258283
0.9662700682606871
0.9655931815581741
0.9663272699538572
0.9495423864546391
0.9649067612401326
0.9634099836021812
0.9635720550661633
0.9641631392289212
0.9652499713991534
0.9660221942569499
0.9664321397246691
0.9669946230408419
0.967671509743355
0.967213896197994
0.9674999046638447
0.9674522365862028
0.9680528543644891
0.9688727452999275
0.9696926362353658
0.9707699347900697
0.9717328299584334
0.9721046409640391
0.9726289898180985
0.9739064942988978
0.9752698013194523
0.976232696487816
0.9766331083400068
0.9783968272127521
0.9798459367730618
0.9797792014643633
0.9795217938450977
0.9788925752202264
0.9791309156084352
0.9790451130686801
0.9801128780078556
0.9805609579376882
0.9816573237234488
0.9816573237234488
0.9825344163520572
0.9806086260153299
0.9813617816420698
0.9843553369179727
0.9850512908515425
0.983335240056439
0.9829157609731914
0.982820424817908
0.9826392861228692
0.9825248827365288
0.9831064332837585
0.9832971055943256
0.9834973115204209
0.9836021812912329
0.9842695343782176
0.9845841436906532
0.9849273538496738
0.9856519086298287
0.9860713877130762
0.9854803035503185
0.9846985470769933
0.9843172024558593
0.9854135682416197
0.9860618540975479
0.9861381230217748
0.9874156275025741
0.988902871524997
0.990876329939366
0.9920012965717118
0.9913911451778973
0.9905712542424588
0.991362544331312
0.9919536284940701
0.9920870991114669
0.9914769477176524
0.9920489646493534
0.9914960149487091
0.9917534225679746
0.9929355908934904
0.9947183769972925
0.9957384738588262
0.9937840826755139
0.9950901880028982
0.9946707089196506
0.9942130953742896
0.9938889524463257
0.9950520535407847
0.9965678984097928
0.9963772260992257
0.9961198184799602
0.994842313999161
0.9950234526941997
0.9947755786904625
0.995843343629638
0.9949948518476147
0.9923826411928459
0.9929165236624337
0.995433398161919
0.9966441673340197
0.9971780498036075
0.9973496548831179
0.9977596003508369
0.9982839492048963
0.997597528886855
0.9970350455706821
0.998465087899935
1.0
0.9996949243030926
0.9988082980589559
0.9977786675818936
0.9981886130496128
0.9985032223620485
0.9983316172825383
0.9978549365061206
0.9971208481104374
0.9953094611600503
0.9957194066277695
0.99594821340045
0.9952903939289935
0.9962342218663005
0.9959577470159783
0.9959577470159783
0.9956812721656562
0.9942512298364032
0.9946707089196506
0.9926686496586965
0.9917820234145597
0.9916580864126912
0.9918392251077297
0.9937554818289286
0.9964630286389811
0.9963676924836974
0.9951473896960682
0.9938222171376273
0.9934694733630781
0.9946421080730655
0.9936601456736451
0.9914864813331807
0.9911528047896885
0.9940510239103078
0.995357129237692
0.9936029439804751
0.9902375776989666
0.9880925142050871
0.9885215269038631
0.9887217328299582
0.985737711169584
0.9873202913472904
0.9876539678907829
0.9850322236204858
0.9814094497197117
0.9830778324371735
0.9880543797429737
0.9947946459215192
0.9912767417915569
0.990952598863593
0.9910860694809899
0.99357434313389
0.994003355832666
0.9913148762536703
0.9911528047896885
0.9939366205239674
0.9939652213705524
0.994680242535179
0.9929927925866604
0.9918678259543149
0.9890649429889791
0.9887694009076002
0.9922015024978073
0.9949090493078594
0.9955001334706174
0.9966823017961332
0.9952808603134652
0.9959958814780917
0.9937650154444572
0.9922682378065056
0.9920394310338252
0.9926305151965832
0.9898943675399458
0.9902375776989666
0.9922396369599206
0.9943084315295733
0.9961102848644319
0.9955192007016741
0.9959100789383366
0.9933455363612096
0.9930023262021888
0.9930499942798308
0.9934218052854363
0.9942416962208749
0.9954429317774474
0.9959863478625633
0.9964153605613393
0.9945277046867254
0.9931548640506425
0.991333943484727
0.9893509514548297
0.9893509514548297
0.9891507455287342
0.9896369599206802
0.9900469053883995
0.9885787285970331
0.9888266026007703
0.9897704305380772
0.9912576745605003
0.9917820234145597
0.9931548640506425
0.9949853182320864
0.994870914845746
0.9919154940319567
0.9914578804865957
0.9936601456736451
0.9933455363612096
0.9922491705754489
0.9921633680356938
0.9916008847195209
0.9904568508561187
0.9917724897990313
0.9903996491629484
0.9897036952293786
0.9876539678907829
0.9844411394577278
0.9832780383632689
0.9819528658048278
0.9813522480265414
0.9790355794531518
0.9800270754681005
0.9805704915532165
0.9817431262632039
0.9807420966327269
0.9785302978301491
0.978148953209015
0.9760896922548907
0.9748217213896198
0.9738969606833695
0.9728482629752507
0.9734584143690653
0.9744689776150707
0.9737348892193874
0.9748884566983183
0.9747835869275063
0.9742211036113335
0.9744117759219006
0.9717995652671318
0.9712942836441291
0.9716851618807917
0.9710654768714487
0.9703218548602371
0.9697212370819509
0.9707985356366547
0.9715898257255081
0.9722571788124929
0.9720569728863974
0.9713514853372992
0.9688632116843992
0.9690062159173244
0.9705315944018609
0.9717614308050184
0.9699786447012164
0.9695210311558555
0.9688632116843992
0.9666323456507645
0.9647923578537924
0.9634862525264081
0.9633337146779545
0.9634957861419364
0.9637531937612019
0.9652118369370399
0.9654406437097204
0.9651832360904549
0.9651737024749265
0.9643061434618464
0.9638961979941272
0.9648686267780193
0.9622468825077222
0.9596442054684818
0.9557735575639704
0.9547629943179651
0.952991648552797
0.9519305571444915
0.9542863135415475
0.9558784273347823
0.9546771917782099
0.9513909545055866
0.9513976280364566
0.9514338557754641
0.9517446516416885
0.952344316058422
0.9505338824695877
0.9499561453685695
0.951082065362468
0.9496529763947679
0.9474478511230598
0.94588433817641
0.9451102085955078
0.9437449948518476
0.941895473439347
0.942104259619418
0.9417410288677878
0.9420298974182969
0.9428726690310033
0.9428984097929298
0.9428269076764672
0.9401288944819433
0.9372001677916333
0.9355155779277732
0.9356728825839911
0.9342552339549249
0.9312492849788353
0.9307335163787513
0.9315152728520764
0.9321902528314837
0.9325811310681462
0.930567631468558
0.9268933760439309
0.9249008503985051
0.9212399420356175
0.9188689318537162
0.9204867864088777
0.9250962895168363
0.9265301452923006
0.9254652404377836
0.9241448346871067
0.9219969111085687
0.9221647027418678
0.9227071654654311
0.9239379552301413
0.9233621248522289
0.9214639820005338
0.9203971704229111
0.9198337337451854
0.9198537543377949
0.918082408572627
0.9153138466231934
0.9130400793196811
0.9104812569118712
0.9088891431186362
0.9093334096022575
0.9079090874423216
0.9072264805704915
0.9049241124203943
0.9041986042786866
0.9032681234031193
0.902187964763757
0.9016779163329901
0.9020115928764825
0.8993145330435113
0.8989141211913205
0.8980046142699156
0.8956545780421766
0.8929384509781488
0.8916142317812606
0.8914454867864088
0.890315753346299
0.8907724135301072
0.8911261106662091
0.8897628036456545
0.8878627540708538
0.8859007359951188
0.8853763871410593
0.8858397208557373
0.885442169088205
0.8827126949624374
0.8802882965335773
0.8796047363001944
0.8773795904358769
0.875908553559852
0.8730913701712236
0.8716794417114746
0.8688746520230332
0.8670804255805972
0.8662595812836059
0.8672262898981808
0.8650192579033672
0.8633890096480188
0.8628179460778705
0.8617711550928573
0.860875948594745
0.8600570110208595
0.859249513785608
0.8586784502154596
0.854693398924608
0.8513385196201807
0.8507655493269267
0.850445219845174
0.8470026312778858
0.8451826640735232
0.8445610723410745
0.8435047477405331
0.8431281699271631
0.8431281699271631
0.8429127102162224
0.8416580864126911
0.8394796552644624
0.8373393585783472
0.8353697136101894
0.8348844525797963
0.8342504671471609
0.8318346489722762
0.8301805666781069
0.8278781985280097
0.8267417915570301
0.8244308431529572
0.8240466384471646
0.821850093429432
0.8210340159402051
0.81907199786447
0.8172844449529039
0.8148810204782061
0.8135758685123745
0.8118874652023033
0.8102381497158982
0.8081464744689776
0.8071492582847118
0.8056772680471341
0.8048926514891507
0.801255577165084
0.7968443732601151
0.7938393776455782
0.7921519276970598
0.7904473172405903
0.7888761774015176
0.7871934942607633
0.7857920527780955
0.7832561110475535
0.7826164054456012
0.7808212256416123
0.779167143347443
0.7783987339358578
0.7779106128208061
0.7756864203180414
0.7740075506234984
0.7713095374289746
0.7684075048621439
0.7663758913930518
0.764100217366434
0.760384014033482
0.7565886816916447
0.7537724516645693
0.7499990466384471
0.7474163901918163
0.7445439118331235
0.742000343210159
0.7398848339244175
0.7378331998627159
0.7353763871410594
0.7326259390611295
0.7307735575639706
0.7294655455134804
0.7276684589863859
0.7239532090149868
0.7202980208214163
0.7168897532700301
0.7146131258818594
0.7118512374632955
0.708393395111162
0.705331197803455
0.7031975746482095
0.7004642870762308
0.6963905731609655
0.6935791099416543
0.6905664874346947
0.6866510315372001
0.6825506234984555
0.6781422796781451
0.6734765282385692
0.6700701674102887
0.6673826411928458
0.6641364451054417
0.6607148304923159
0.6585916943141517
0.6545113068680165
0.6505825039087824
0.6469673569004308
0.6431710711970408
0.6385768218739275
0.6334019753651374
0.6288649277351943
0.6245347595622163
0.6209434465926859
0.6155893681119627
0.6111209625138238
0.6063570148343057
0.6011049460397361
0.5953361552835297
0.5894567745871944
0.583723258208443
0.5788334668039506
0.5741047935018877
0.5701559699500438
0.565969759371544
0.561055180566678
0.5558507798497502
0.5500638752240399
0.5426686496586965
0.5346794798459368
0.5277962094344659
0.520519200701674
0.512612973344011
0.5059308622201883
0.4994146360065591
0.49218815543606753
0.483659382984403
0.4763089654120428
0.46860866414979213
0.4607787057163558
0.45388113488159243
0.4450959081722152
0.4361257293215879
0.42668077641764857
0.41816630438927654
0.40936296381039544
0.40034893032833774
0.39104030812645385
0.3814971589825725
0.3712847500286008
0.3608616481714525
0.349924684437326
0.337878961217252
0.3265968806009991
0.3153453075544369
0.3029449338367082
0.289395759447813
0.2754423597605155
0.2615890630362659
0.24751077298554705
0.19119761278267167
0.0734474507112077
0.008135291537962856
0.005423521336231552
0.004439690348167639
0.003560738664531136
0.0029514643633451547
0.002442073752049727
0.0019426743698280136
0.001518180604812569
0.0012734717614308049
0.0010887007588757961
0.0006891774396522136
0.0005693217785913129
0.00044447145635510805
0.000419501010563246
0.0003895359035960798
0.0003545770888151622
0.0003645654578042177
0.0
0.0
0.0
0.0
0.0
0.0
0.0
0.0
0.0
0.0
0.0
0.0
0.0
0.0
0.0
0.0
0.0
0.0
0.0
0.0
0.0
0.0
0.0
0.0
0.0
0.0
0.0
0.0
0.0
0.0
0.0
0.0
0.0
0.0
0.0
0.0
0.0
0.0
0.0
0.0
0.0
0.0
0.0
0.0
0.0
0.0
0.0
0.0
0.0
0.0
0.0
0.0
0.0
0.0
0.0
0.0
0.0
0.0
0.0
0.0
0.0
0.0
0.0
0.0
0.0
0.0
0.0
0.0
0.0
0.0
0.0
0.0
0.0
0.0
0.0
0.0
0.0
0.0
0.0
0.0
0.0
0.0
0.0
0.0
0.0
0.0
0.0
0.0
0.0
0.0
0.0
0.0
0.0
0.0
0.0
0.0
0.0
0.0
0.0
0.0
0.0
0.0
0.0
0.0
0.0
0.0
0.0
0.0
0.0
0.0
0.0
0.0
0.0
0.0
0.0
0.0
0.0
0.0
0.0
0.0
0.0
0.0
0.0
0.0
0.0
0.0
0.0
0.0
0.0
0.0
0.0
0.0
0.0
0.0
0.0
0.0
0.0
0.0
0.0
0.0
0.0
0.0
0.0
0.0
0.0
0.0
0.0
0.0
0.0
0.0
0.0
0.0
0.0
0.0
0.0
0.0
0.0
0.0
0.0
0.0
0.0
0.0
0.0
0.0
0.0
0.0
0.0
0.0
0.0
0.0
0.0
0.0
0.0
0.0
0.0
0.0
0.0
0.0
0.0
0.0
0.0
0.0
0.0
0.0
0.0
0.0
0.0
0.0
0.0
0.0
0.0
0.0
0.0
0.0
0.0
0.0
0.0
0.0
0.0
0.0
0.0
0.0
0.0
0.0
0.0
0.0
0.0
0.0
0.0
0.0
0.0
0.0
0.0
0.0
0.0
0.0
0.0
0.0
0.0
0.0
0.0
0.0
0.0
0.0
0.0
0.0
0.0
0.0
0.0
0.0
0.0
0.0
0.0
0.0
0.0
0.0
0.0
0.0
0.0
0.0
0.0
0.0
0.0
0.0
0.0
0.0
0.0
0.0
0.0
0.0
0.0
0.0
0.0
0.0
0.0
0.0
0.0
0.0
0.0
0.0
0.0
0.0
0.0
0.0
0.0
0.0
0.0
0.0
0.0
0.0
0.0
0.0
0.0
0.0
0.0
0.0
0.0
0.0
0.0
0.0
0.0
0.0
0.0
0.0
0.0
0.0
0.0
0.0
0.0
0.0
0.0
0.0
0.0
0.0
0.0
0.0
0.0
0.0
0.0
0.0
0.0
0.0
0.0
0.0
0.0
0.0
0.0
0.0
0.0
0.0
0.0
0.0
0.0
0.0
0.0
0.0
0.0
0.0
0.0
0.0
0.0
0.0
0.0
0.0
0.0
0.0
0.0
0.0
0.0
0.0
0.0
0.0
0.0
0.0
0.0
0.0
0.0
0.0
0.0
0.0
0.0
0.0
0.0
0.0
0.0
0.0
0.0
