0.0
0.0
0.0
0.0
0.0
0.0
0.0
0.0
0.0
0.0
0.0
0.0
0.0
0.0
0.0
0.0
0.0
0.0
0.0
0.0
0.0
0.0
0.0
0.0
0.0
0.0
0.0
0.0
0.0
0.0
0.0
0.0
0.0
0.0
0.0
0.0
0.0
0.0
0.0
0.0
0.0
0.0
0.0
0.0
0.0
0.0
0.0
0.0
0.0
0.0
0.0
0.0
0.0
0.0
0.0
0.0
0.0
0.0
0.0
0.0
0.0
0.0
0.0
0.0
0.0
0.0
0.0
0.0
0.0
0.0
0.0
0.0
0.0
0.0
0.0
0.0
0.0
0.0
0.0
0.0
0.0
0.0
0.0
0.0
0.0
0.0
0.0
0.0
0.0
0.0
0.0
0.0
0.0
0.0
0.0
0.0
0.0
0.0
0.0
0.0
0.0
0.0
0.0
0.0
0.0
0.0
0.0
0.0
0.0
0.0
0.0
0.0
0.0
0.0
0.0
0.0
0.0
0.0
0.0
0.0
0.0
0.0
0.0
0.0
0.0
0.0
0.0
0.0
0.0
0.0
0.0
0.0
0.0
0.0
0.0
0.0
0.0
0.0
0.0
0.0
0.0
0.0
0.0
0.0
0.0
0.0
0.0
0.0
0.0
0.0
0.0
0.0
0.0
0.0
0.0
0.0
0.0
0.0
0.0
0.0
0.0
0.0
0.0
0.0
0.0
0.0
0.0
0.0
0.0
0.0
0.0
0.0
0.0
0.0
0.0
0.0
0.0
0.0
0.0
0.0
0.0
0.0
0.0
0.0
0.0
0.0
0.0
0.0
0.0
0.0
0.0
0.0
0.0
0.0
0.0
0.0
0.0
0.0
0.0
0.0
0.0
0.0
0.0
0.0
0.0
0.0
0.0
0.0
0.0
0.0
0.0
0.0
0.0
0.0
0.0
0.0
0.0
0.0
0.0
0.0
0.0
0.0
0.0
0.0
0.0
0.0
0.0
0.0
0.0
0.0
0.0
0.0
0.0
0.0
0.0
0.0
0.0
0.0
0.0
0.0
0.0
0.0
0.0
0.0
0.0
0.0
0.0
0.0
0.0
0.0
0.0
0.0
0.0
0.0
0.0
0.0
0.0
0.0
0.0
0.0
0.0
0.0
0.0
0.0
0.0
0.0
0.0
0.0
0.0
0.0
0.0
0.0
0.0
0.0
0.0
0.0
0.0
0.0
0.0
0.0
0.0
0.0
0.0
0.0
0.0
0.0
0.0
0.0
0.0
0.0
0.0
0.0
0.0
0.0
0.0
0.0
0.0
0.0
0.0
0.0
0.0
0.0
0.0
0.0
0.0
0.0
0.0
0.0
0.0
0.0
0.0
0.0
0.0
0.0
0.0
0.0
0.0
0.0
0.0
0.0
0.0
0.0
0.0
0.0
0.0
0.0
0.0
0.0
0.0
0.0
0.0
0.0
0.0
0.0
0.0
0.0
0.0
0.0
0.0
0.0
0.0
0.0
0.0
0.0
0.0
0.0
0.0
0.0
0.0
0.0
0.0
0.0
0.0
0.0
0.0
0.0
0.0
0.0
0.0
0.0
0.0
0.0
0.0
0.0
0.0
0.0
0.0
0.0
0.0
0.0
0.0
0.0
0.0
0.0
0.0
0.0
0.0
0.0
0.0
0.0
0.0
0.0
0.0
0.0
0.0
0.0
0.0
0.0
0.0
0.0
0.0
0.0
0.0
0.0
0.0
0.0
0.0
0.0
0.0
0.0
0.0
0.0
0.0
0.0
0.0
0.0
0.0
0.0
0.0
0.0
0.0
0.0
0.0
0.0
0.0
0.0
0.0
0.0
0.0
0.0
0.0
0.0
0.0
0.0
0.0
0.0
0.0
0.0
0.0
0.0
0.0
0.0
0.0
0.0
0.000814443609626553
0.0009404436190773214
0.0010952259442499161
0.0012874073234005756
0.0015486147535948363
0.0018675309394536512
0.0021693057937936804
0.002403035114330673
0.002519716665957859
0.0025469112525576144
0.002527253653903404
0.002621784966662414
0.0029318764973561475
0.003253143561900172
0.0034708538296876995
0.0038432731791912976
0.004419699182035979
0.005083273084683612
0.005978709781072946
0.006821127665707413
0.007397423720484069
0.008063230367209613
0.009034863885305474
0.009730133303090874
0.010229133884313141
0.01064017143694211
0.010876877749582986
0.011291376646205753
0.011648993729415046
0.012398227035813687
0.014069241056028881
0.01525200474428583
0.015090514736110915
0.01476847979661946
0.015258620282294457
0.016663122628447758
0.018082391800513176
0.019300241467137314
0.019753051416906482
0.019243182451812897
0.019429953265949353
0.019866933178340727
0.021016973580376425
0.022123186043104957
0.02242407488789026
0.02195685251603087
0.021546098486459414
0.02150250681636684
0.021436469570887854
0.021468011511036136
0.022290464647037423
0.02333465644093506
0.024804605359530864
0.027312484937837573
0.03031074127103387
0.03274632246967485
0.03414834398907492
0.034048047707479816
0.03391018462076428
0.03629331405376542
0.04043995690449526
0.04472469911115522
0.04676122160634714
0.04846295062445954
0.04973407899897459
0.05117402172731697
0.0528901631675196
0.05455397097668968
0.056274719666576885
0.057419444011284224
0.05842807728838548
0.0584580834786389
0.05810037188774377
0.057975858011652795
0.05833191571804577
0.058527782896944096
0.059314559381541704
0.06153962470997954
0.06270537701478573
0.060844993219073544
0.061411684930276954
0.06280555516177354
0.0660170444611408
0.0683127542847422
0.06875835802346626
0.0709258917981505
0.0748765493353747
0.07855975012167865
0.07887351563865931
0.07594578566601928
0.07258024883873682
0.07020373494374431
0.0692738974497101
0.06999888953469141
0.07123233296947874
0.07370252760805772
0.0765546514320277
0.07851214187493799
0.07931356705084042
0.0791712148490476
0.07969785892837736
0.08148937024803542
0.08337964209939375
0.08421319988848093
0.08423292836789951
0.08508243432897182
0.08676077269483942
0.08811766679425205
0.08902907528954791
0.09011024321552952
0.09069040227196476
0.09220878637955232
0.09357394990147573
0.09399191014209231
0.09344116660287398
0.095388615604164
0.09897482787787718
0.10256222149766331
0.1046884081597936
0.10715198726036396
0.11029046937242172
0.10925454700103486
0.1071500971066472
0.11055107431611877
0.11634345038110225
0.11974832603261461
0.11937029528926442
0.11772054549836267
0.11765143675309395
0.11908440953960582
0.12040397310311263
0.12107025228826734
0.1212805318892559
0.11913402607467054
0.11820312536917066
0.11936556990497253
0.1212805318892559
0.12180977492994619
0.12228113201306097
0.12470643550086712
0.12747314800376142
0.13081163200597287
0.13416547350713295
0.13695345023934072
0.13941183141719
0.140762109978594
0.14349574479144517
0.1475300416306356
0.15230031707328598
0.15555020012002477
0.15987392674709272
0.16753141199208024
0.17757876034268485
0.18362843358236108
0.18482749984642505
0.18536264961748014
0.1889102318746072
0.19487957358132152
0.20001370361444645
0.2029091828392944
0.20400665334108298
0.20367469509457856
0.2015081063967527
0.198102285668382
0.19297760640384082
0.18592378900214063
0.18173355448131823
0.17994027114255068
0.17767090533637647
0.17569687604844464
0.17712394210459165
0.18394503432991688
0.1899722619942067
0.19165568014818807
0.19597113735274524
0.20298833302618335
0.22248172457625118
0.24824924511985938
0.2807480755872472
0.30857704502818695
0.30543348312801544
0.2906831960609197
0.28517694201480936
0.29353260278892185
0.3044222508895536
0.3515414203560105
0.40951125350269113
0.40899618661487647
0.3762835325082813
0.3796976226591628
0.377219158598073
0.37226341182196643
0.37909631750802136
0.3518733786025149
0.35679841038072424
0.36539388440764947
0.3289399072879602
0.3185192535782973
0.31853933646153776
0.31528945341479897
0.31599944240465355
0.3305311804482499
0.35629043156934737
0.39371074977672565
0.41637841822486216
0.46796543853928924
0.4808350226582177
0.5009982374316592
0.42716883325536453
0.41085916937194916
0.4024137262962911
0.4184894836572584
0.4168001587729122
0.39868539808999964
0.35150243593560243
0.36679141681197225
0.4117699871942086
0.4117699871942086
0.4348534894600304
0.5179115691583619
0.5340901036276775
0.539934222650657
0.5502851769420148
0.61645237048903
0.6481254400514123
0.6134635649244176
0.5700030242459468
0.5238785481729302
0.48552614791397913
0.5526466877418806
0.6756720677809124
0.7060870037755821
0.6679070800432846
0.6262469107800193
0.6209875580631594
0.6562318368041281
0.6409818403481664
0.6060577063929725
0.5696238121565237
0.579139554774292
0.5685924970348214
0.5957528245984605
0.5709339249514467
0.5942371575868408
0.6009377525127232
0.6984082543012811
0.7342432060787343
0.7532085359341849
0.7732122689877755
0.749078550063084
0.7179536250785595
0.6981093737448197
0.6139172018164378
0.49749082094101305
0.49993738865813264
0.6210678895961215
0.7099724510095784
0.7267168502478464
0.6346888098174585
0.5994185414628845
0.6621846396658209
0.5306901896296717
0.5981568638569532
0.6038249623150603
0.7042677308232093
0.6036264961748015
0.5119575849505962
0.7396266001332559
0.7680887710693073
0.7793848022190406
0.6500722983796657
0.640612079027327
0.7034088922281604
0.7796742320069181
0.8115847521299671
0.8034263761500405
0.8169138042651318
0.8476760560052548
0.87857061850555
0.895163805446478
0.9243985767142513
0.9492647302041839
0.9534833170307575
0.9209242379136483
0.6752656847318108
0.48542927753599563
0.48076768593205843
0.5491073749072644
0.8953929865846341
0.9838805328343327
0.9576251163625882
0.9461755102233689
0.9778662999768456
0.6074056222622305
0.6887802838065806
0.517131880750202
0.5369017072813447
0.933633158966653
0.9467342869158835
0.9294027586793496
0.6714251286485874
0.694821687623746
0.983719869768409
1.0
0.9214924653747466
0.7719801250336684
0.7700793392022607
0.8734530273174466
0.8750466631698823
0.6221842616350775
0.9252479645407163
0.9637102299844535
0.9473261412984412
0.9483550937279974
0.9115289925953228
0.8578828860757102
0.8120714667120305
0.8205488061316587
0.8191252841137306
0.8132835277828969
0.8091925263322041
0.8171926019383526
0.8178895961214045
0.8324000699356876
0.8561226804269858
0.877144733795476
0.8844903436771997
0.8749462487536799
0.793718074122378
0.8535213563743073
0.8549047126257543
0.8762516361643111
0.8889416556801482
0.8906900478681429
0.8672899448547653
0.851715078228737
0.8554835722015093
0.8128074453154903
0.8596312782637049
0.867923146349877
0.8682043067152436
0.857041767671756
0.8280361775421387
0.7995527423767739
0.7927446449582513
0.7923949665206523
0.7854486516115923
0.773422548588764
0.7611093784702041
0.7557555180675068
0.7545895294934861
0.757218024505843
0.7650456235853381
0.7747870033030436
0.7901551343663024
0.8136780973712688
0.8393109444625585
0.8639987146954727
0.8858607051218441
0.8936741280484637
0.8843745717620486
0.8621416386687648
0.8468621085609788
0.8355743468337563
0.8172918350084821
0.6440249878321355
0.7969183406340521
0.7857841538963156
0.7936152970140297
0.7971605165790108
0.8058315967546061
0.8251135273576123
0.8457540059445334
0.8669875202600852
0.8805162954877306
0.8853869853465833
0.8883119982232555
0.888451397059866
0.8850951928665599
0.8650749209679478
0.8532390146628674
0.8403800626585958
0.828718995572315
0.8177761868983995
0.8145263038516608
0.8276888617966855
0.8461154978428621
0.8617588825411227
0.8775794691503287
0.8986972115507295
0.9032075908573265
0.9098810148235306
0.9021302032387783
0.8915642439621403
0.875023036248423
0.8537292732831497
0.8386966445046145
0.8232599953691235
0.7937830481563914
0.7514648691304822
0.7098070625593627
0.6823360409785326
0.6709714917565671
0.6679389763872547
0.6698220420275679
0.6658976103731636
0.6560428214324531
0.6318842942402291
0.6277519456769821
0.5793911814878345
0.5658116083790514
0.581958246504397
0.35430458882068583
0.17664785963718502
0.19969001479045284
0.33314786199987717
0.16229096081238806
0.19014828255907912
0.4280985526147914
0.4340844331665273
0.5080024382982946
0.5735789588088251
0.5811584752129968
0.5615292288645374
0.5022788165747579
0.14426007570065635
0.13865340723834366
0.262347429154676
0.5225377203801099
0.40856499529824264
0.15033455720786496
0.14443845895767474
0.18760366311790308
0.4670061855280381
0.5154212916365424
0.1889220453353369
0.2369047787811344
0.6321642732595228
0.6213017961185694
0.6501372724136791
0.6531390727850942
0.6958022048643107
0.6869940885442508
0.705970050514358
0.7332650515303157
0.6055556343119604
0.7735973878075636
0.7785791241972754
0.7651602141544162
0.7331209273094135
0.727970258431267
0.7206671770081702
0.7257635039669601
0.7347913506565922
0.7304191888405325
0.7224781805380323
0.71311601290975
0.6807825708925779
0.646856674369043
0.6089992581146663
0.5949010740798496
0.60009309007055
0.6003116390940494
0.6074883164873384
0.6003352660155087
0.5962808862930778
0.5944072714213484
0.5906813059072029
0.5891254731291022
0.5806882994759549
0.5583785788879281
0.5457121862935503
0.5433802091455088
0.5151885664601674
0.48398094725053514
0.45207515251177804
0.43042226034032216
0.41953497493183634
0.4126630848253734
0.408782362975669
0.39081408920580474
0.4018632190262873
0.4029689589505867
0.37675016420710417
0.33116556328943453
0.35459874399285524
0.36105007489734103
0.31829361647836013
0.3620884780954811
0.36622555204301993
0.3636100518374657
0.3630630886056809
0.35558871200200354
0.34504283560860594
0.345270835400689
0.34377406992623677
0.3334573746709951
0.3356298700991858
0.3299594089489328
0.32630550554523846
0.29932119854647177
0.2939661567977016
0.27905520666468203
0.10832222868024742
0.27175448793373125
0.2597307476030489
0.24502062630243404
0.2514518743236794
0.15032746913142714
0.15872093297987458
0.2395155536023967
0.14998724146241194
0.1034338186303001
0.0669350684944453
0.10723208252411129
0.1996959215208177
0.2594992037727468
0.25599887535853855
0.24741285210019706
0.25011104653085914
0.2463649981334732
0.2391268907443898
0.22962059889520517
0.22608246740666188
0.22651365872329568
0.2230322318462549
0.20949518719609875
0.21002443023678902
0.2038164566233349
0.20027359975049971
0.20368296451708937
0.20821460805299993
0.20309347282667764
0.19024515293706262
0.18578320881945726
0.19046252061448898
0.18201825888490383
0.1830566620830439
0.1814748396913379
0.17455451439588324
0.1753932701076915
0.16852728673159348
0.15757620863516728
0.14869130482036452
0.1434992888296641
0.13732321156018013
0.13258837649971886
0.12738927243258058
0.12623155328107058
0.12340931751274674
0.11312203777472203
0.1090677761868984
0.11433031853815513
0.12133251111646655
0.1198948129456628
0.11888121801505508
0.11608768895630438
0.1125376258724241
0.10965963056945606
0.1070150692505068
0.1043839752767894
0.09315516271860809
0.09955723149185108
0.09633983546211895
0.0881425931963917
0.03752085075818791
0.04810134059152361
0.08305996985204822
0.08049455871998791
0.07731862793741702
0.07389957613302903
0.07059239780175122
0.06734534998558758
0.05963375909045804
0.042959768078138956
0.02721797725200002
0.02257717733894709
0.02184403396606229
0.021147984859868726
0.020442957523520603
0.019779277299726398
0.01902616917820842
0.01825061548130402
0.017438085652315676
0.016592359998676892
0.015825666397319763
0.015064288853290994
0.014395883245204917
0.013736455867273407
0.013016779839620457
0.012348728635356269
0.011703619171829148
0.011081699531714418
0.01044573368679208
0.009847133818157763
0.009240406288541416
0.008632024874422913
0.008022521181535089
0.007446981188245135
0.0
0.0
0.0
0.0
0.0
0.0
0.0
0.0
0.0
0.0
0.0
0.0
0.0
0.0
0.0
0.0
0.0
0.0
0.0
0.0
0.0
0.0
0.0
0.0
0.0
0.0
0.0
0.0
0.0
0.0
0.0
0.0
0.0
0.0
0.0
0.0
0.0
0.0
0.0
0.0
0.0
0.0
0.0
0.0
0.0
0.0
0.0
0.0
0.0
0.0
0.0
0.0
0.0
0.0
0.0
0.0
0.0
0.0
0.0
0.0
0.0
0.0
0.0
0.0
0.0
0.0
0.0
0.0
0.0
0.0
0.0
0.0
0.0
0.0
0.0
0.0
0.0
0.0
0.0
0.0
0.0
0.0
0.0
0.0
0.0
0.0
0.0
0.0
0.0
0.0
0.0
0.0
0.0
0.0
0.0
0.0
0.0
0.0
0.0
0.0
0.0
0.0
0.0
0.0
0.0
0.0
0.0
0.0
0.0
0.0
0.0
0.0
0.0
0.0
0.0
0.0
0.0
0.0
0.0
0.0
0.0
0.0
0.0
0.0
0.0
0.0
0.0
0.0
0.0
0.0
0.0
0.0
0.0
0.0
0.0
0.0
0.0
0.0
0.0
0.0
0.0
0.0
0.0
0.0
0.0
0.0
0.0
0.0
0.0
0.0
0.0
0.0
0.0
0.0
0.0
0.0
0.0
0.0
0.0
0.0
0.0
0.0
0.0
0.0
0.0
0.0
0.0
0.0
0.0
0.0
0.0
0.0
0.0
0.0
0.0
0.0
0.0
0.0
0.0
0.0
0.0
0.0
0.0
0.0
0.0
0.0
0.0
0.0
0.0
0.0
0.0
0.0
0.0
0.0
0.0
0.0
0.0
0.0
0.0
0.0
0.0
0.0
0.0
0.0
0.0
0.0
0.0
0.0
0.0
0.0
0.0
0.0
0.0
0.0
0.0
0.0
0.0
0.0
0.0
0.0
0.0
0.0
0.0
0.0
0.0
0.0
0.0
0.0
0.0
0.0
0.0
0.0
0.0
0.0
0.0
0.0
0.0
0.0
0.0
0.0
0.0
0.0
0.0
0.0
0.0
0.0
0.0
0.0
0.0
0.0
0.0
0.0
0.0
0.0
0.0
0.0
0.0
0.0
0.0
0.0
0.0
0.0
0.0
0.0
0.0
0.0
0.0
0.0
0.0
0.0
0.0
0.0
0.0
0.0
0.0
0.0
0.0
0.0
0.0
0.0
0.0
0.0
0.0
0.0
0.0
0.0
0.0
0.0
0.0
0.0
0.0
0.0
0.0
0.0
0.0
0.0
0.0
0.0
0.0
0.0
0.0
0.0
0.0
0.0
0.0
0.0
0.0
0.0
0.0
0.0
0.0
0.0
0.0
0.0
0.0
0.0
0.0
0.0
0.0
0.0
0.0
0.0
0.0
0.0
0.0
0.0
0.0
0.0
0.0
0.0
0.0
0.0
0.0
0.0
0.0
0.0
0.0
0.0
0.0
0.0
0.0
0.0
0.0
0.0
0.0
0.0
0.0
0.0
0.0
0.0
0.0
0.0
0.0
0.0
0.0
0.0
0.0
0.0
0.0
0.0
0.0
0.0
0.0
0.0
0.0
0.0
0.0
0.0
0.0
0.0
0.0
0.0
0.0
0.0
0.0
0.0
0.0
0.0
0.0
0.0
0.0
0.0
0.0
0.0
0.0
0.0
0.0
0.0
0.0
0.0
0.0
0.0
0.0
0.0
0.0
0.0
0.0
0.0
0.0
0.0
0.0
0.0
0.0
0.0
0.0
0.0
0.0
